%%MatrixMarket matrix coordinate real general
%------------------------------------------------------------------------------
96 96 1256
1 1 8.74321 
2 1 -8.74321 
3 1 2.9144 
12 1 -8.74321 
13 1 -11.6576 
18 1 2.9144 
19 1 -11.6576 
20 1 4.3716 
1 2 -8.74321 
2 2 46.6304 
3 2 -8.74321 
12 2 29.144 
13 2 29.144 
18 2 -11.6576 
19 2 23.3152 
20 2 -11.6576 
1 3 2.9144 
2 3 -8.74321 
3 3 9.21937 
4 3 -0.476156 
5 3 0.158719 
12 3 -11.6576 
13 3 -9.21937 
14 3 -0.634874 
18 3 4.3716 
19 3 -11.6576 
20 3 3.07312 
21 3 -0.634874 
22 3 0.238078 
3 4 -0.476156 
4 4 2.5395 
5 4 -0.476156 
13 4 1.58719 
14 4 1.58719 
20 4 -0.634874 
21 4 1.26975 
22 4 -0.634874 
3 5 0.158719 
4 5 -0.476156 
5 5 11.7979 
6 5 -11.3217 
7 5 3.77391 
13 5 -0.634874 
14 5 -11.7979 
15 5 -15.0956 
20 5 0.238078 
21 5 -0.634874 
22 5 3.93263 
23 5 -15.0956 
24 5 5.66086 
5 6 -11.3217 
6 6 60.3825 
7 6 -11.3217 
14 6 37.7391 
15 6 37.7391 
22 6 -15.0956 
23 6 30.1913 
24 6 -15.0956 
5 7 3.77391 
6 7 -11.3217 
7 7 23.775 
8 7 -12.4532 
9 7 4.15108 
14 7 -15.0956 
15 7 -23.775 
16 7 -16.6043 
22 7 5.66086 
23 7 -15.0956 
24 7 7.92499 
25 7 -16.6043 
26 7 6.22662 
7 8 -12.4532 
8 8 66.4173 
9 8 -12.4532 
15 8 41.5108 
16 8 41.5108 
24 8 -16.6043 
25 8 33.2086 
26 8 -16.6043 
7 9 4.15108 
8 9 -12.4532 
9 9 21.503 
10 9 -9.0498 
11 9 3.0166 
15 9 -16.6043 
16 9 -21.503 
17 9 -12.0664 
24 9 6.22662 
25 9 -16.6043 
26 9 7.16768 
27 9 -12.0664 
28 9 4.5249 
9 10 -9.0498 
10 10 48.2656 
11 10 -9.0498 
16 10 30.166 
17 10 30.166 
26 10 -12.0664 
27 10 24.1328 
28 10 -12.0664 
9 11 3.0166 
10 11 -9.0498 
11 11 9.0498 
16 11 -12.0664 
17 11 -9.0498 
26 11 4.5249 
27 11 -12.0664 
28 11 3.0166 
1 12 -8.74321 
2 12 29.144 
3 12 -11.6576 
12 12 46.6304 
13 12 23.3152 
18 12 -8.74321 
19 12 29.144 
20 12 -11.6576 
1 13 -11.6576 
2 13 29.144 
3 13 -9.21937 
4 13 1.58719 
5 13 -0.634874 
12 13 23.3152 
13 13 49.1699 
14 13 1.26975 
18 13 -11.6576 
19 13 29.144 
20 13 -9.21937 
21 13 1.58719 
22 13 -0.634874 
3 14 -0.634874 
4 14 1.58719 
5 14 -11.7979 
6 14 37.7391 
7 14 -15.0956 
13 14 1.26975 
14 14 62.922 
15 14 30.1913 
20 14 -0.634874 
21 14 1.58719 
22 14 -11.7979 
23 14 37.7391 
24 14 -15.0956 
5 15 -15.0956 
6 15 37.7391 
7 15 -23.775 
8 15 41.5108 
9 15 -16.6043 
14 15 30.1913 
15 15 126.8 
16 15 33.2086 
22 15 -15.0956 
23 15 37.7391 
24 15 -23.775 
25 15 41.5108 
26 15 -16.6043 
7 16 -16.6043 
8 16 41.5108 
9 16 -21.503 
10 16 30.166 
11 16 -12.0664 
15 16 33.2086 
16 16 114.683 
17 16 24.1328 
24 16 -16.6043 
25 16 41.5108 
26 16 -21.503 
27 16 30.166 
28 16 -12.0664 
9 17 -12.0664 
10 17 30.166 
11 17 -9.0498 
16 17 24.1328 
17 17 48.2656 
26 17 -12.0664 
27 17 30.166 
28 17 -9.0498 
1 18 2.9144 
2 18 -11.6576 
3 18 4.3716 
12 18 -8.74321 
13 18 -11.6576 
18 18 18.8464 
19 18 -18.8464 
20 18 6.28214 
29 18 -10.1032 
30 18 -13.4709 
35 18 3.36773 
36 18 -13.4709 
37 18 5.0516 
1 19 -11.6576 
2 19 23.3152 
3 19 -11.6576 
12 19 29.144 
13 19 29.144 
18 19 -18.8464 
19 19 100.514 
20 19 -18.8464 
29 19 33.6773 
30 19 33.6773 
35 19 -13.4709 
36 19 26.9419 
37 19 -13.4709 
1 20 4.3716 
2 20 -11.6576 
3 20 3.07312 
4 20 -0.634874 
5 20 0.238078 
12 20 -11.6576 
13 20 -9.21937 
14 20 -0.634874 
18 20 6.28214 
19 20 -18.8464 
20 20 29.231 
21 20 -10.3846 
22 20 3.46153 
29 20 -13.4709 
30 20 -20.0116 
31 20 -13.2112 
35 20 5.0516 
36 20 -13.4709 
37 20 6.67054 
38 20 -13.2112 
39 20 4.95422 
3 21 -0.634874 
4 21 1.26975 
5 21 -0.634874 
13 21 1.58719 
14 21 1.58719 
20 21 -10.3846 
21 21 55.3845 
22 21 -10.3846 
30 21 33.0281 
31 21 33.0281 
37 21 -13.2112 
38 21 26.4225 
39 21 -13.2112 
3 22 0.238078 
4 22 -0.634874 
5 22 3.93263 
6 22 -15.0956 
7 22 5.66086 
13 22 -0.634874 
14 22 -11.7979 
15 22 -15.0956 
20 22 3.46153 
21 22 -10.3846 
22 22 26.936 
23 22 -16.5514 
24 22 5.51714 
30 22 -13.2112 
31 22 -15.1381 
32 22 -6.97292 
37 22 4.95422 
38 22 -13.2112 
39 22 5.04604 
40 22 -6.97292 
41 22 2.61485 
5 23 -15.0956 
6 23 30.1913 
7 23 -15.0956 
14 23 37.7391 
15 23 37.7391 
22 23 -16.5514 
23 23 88.2742 
24 23 -16.5514 
31 23 17.4323 
32 23 17.4323 
39 23 -6.97292 
40 23 13.9458 
41 23 -6.97292 
5 24 5.66086 
6 24 -15.0956 
7 24 7.92499 
8 24 -16.6043 
9 24 6.22662 
14 24 -15.0956 
15 24 -23.775 
16 24 -16.6043 
22 24 5.51714 
23 24 -16.5514 
24 24 37.7444 
25 24 -21.1929 
26 24 7.06432 
31 24 -6.97292 
32 24 -13.9694 
33 24 -11.6529 
39 24 2.61485 
40 24 -6.97292 
41 24 4.65647 
42 24 -11.6529 
43 24 4.36985 
7 25 -16.6043 
8 25 33.2086 
9 25 -16.6043 
15 25 41.5108 
16 25 41.5108 
24 25 -21.1929 
25 25 113.029 
26 25 -21.1929 
32 25 29.1324 
33 25 29.1324 
41 25 -11.6529 
42 25 23.3059 
43 25 -11.6529 
7 26 6.22662 
8 26 -16.6043 
9 26 7.16768 
10 26 -12.0664 
11 26 4.5249 
15 26 -16.6043 
16 26 -21.503 
17 26 -12.0664 
24 26 7.06432 
25 26 -21.1929 
26 26 32.5252 
27 26 -11.3323 
28 26 3.77743 
32 26 -11.6529 
33 26 -11.0222 
34 26 -3.04332 
41 26 4.36985 
42 26 -11.6529 
43 26 3.67406 
44 26 -3.04332 
45 26 1.14124 
9 27 -12.0664 
10 27 24.1328 
11 27 -12.0664 
16 27 30.166 
17 27 30.166 
26 27 -11.3323 
27 27 60.4389 
28 27 -11.3323 
33 27 7.6083 
34 27 7.6083 
43 27 -3.04332 
44 27 6.08664 
45 27 -3.04332 
9 28 4.5249 
10 28 -12.0664 
11 28 3.0166 
16 28 -12.0664 
17 28 -9.0498 
26 28 3.77743 
27 28 -11.3323 
28 28 11.3323 
33 28 -3.04332 
34 28 -2.28249 
43 28 1.14124 
44 28 -3.04332 
45 28 0.76083 
18 29 -10.1032 
19 29 33.6773 
20 29 -13.4709 
29 29 53.8837 
30 29 26.9419 
35 29 -10.1032 
36 29 33.6773 
37 29 -13.4709 
18 30 -13.4709 
19 30 33.6773 
20 30 -20.0116 
21 30 33.0281 
22 30 -13.2112 
29 30 26.9419 
30 30 106.729 
31 30 26.4225 
35 30 -13.4709 
36 30 33.6773 
37 30 -20.0116 
38 30 33.0281 
39 30 -13.2112 
20 31 -13.2112 
21 31 33.0281 
22 31 -15.1381 
23 31 17.4323 
24 31 -6.97292 
30 31 26.4225 
31 31 80.7367 
32 31 13.9458 
37 31 -13.2112 
38 31 33.0281 
39 31 -15.1381 
40 31 17.4323 
41 31 -6.97292 
22 32 -6.97292 
23 32 17.4323 
24 32 -13.9694 
25 32 29.1324 
26 32 -11.6529 
31 32 13.9458 
32 32 74.5035 
33 32 23.3059 
39 32 -6.97292 
40 32 17.4323 
41 32 -13.9694 
42 32 29.1324 
43 32 -11.6529 
24 33 -11.6529 
25 33 29.1324 
26 33 -11.0222 
27 33 7.6083 
28 33 -3.04332 
32 33 23.3059 
33 33 58.785 
34 33 6.08664 
41 33 -11.6529 
42 33 29.1324 
43 33 -11.0222 
44 33 7.6083 
45 33 -3.04332 
26 34 -3.04332 
27 34 7.6083 
28 34 -2.28249 
33 34 6.08664 
34 34 12.1733 
43 34 -3.04332 
44 34 7.6083 
45 34 -2.28249 
18 35 3.36773 
19 35 -13.4709 
20 35 5.0516 
29 35 -10.1032 
30 35 -13.4709 
35 35 19.5171 
36 35 -19.5171 
37 35 6.50572 
46 35 -9.41395 
47 35 -12.5519 
52 35 3.13798 
53 35 -12.5519 
54 35 4.70697 
18 36 -13.4709 
19 36 26.9419 
20 36 -13.4709 
29 36 33.6773 
30 36 33.6773 
35 36 -19.5171 
36 36 104.091 
37 36 -19.5171 
46 36 31.3798 
47 36 31.3798 
52 36 -12.5519 
53 36 25.1039 
54 36 -12.5519 
18 37 5.0516 
19 37 -13.4709 
20 37 6.67054 
21 37 -13.2112 
22 37 4.95422 
29 37 -13.4709 
30 37 -20.0116 
31 37 -13.2112 
35 37 6.50572 
36 37 -19.5171 
37 37 29.85 
38 37 -10.3329 
39 37 3.44429 
46 37 -12.5519 
47 37 -9.83839 
48 37 -0.565917 
52 37 4.70697 
53 37 -12.5519 
54 37 3.27946 
55 37 -0.565917 
56 37 0.212219 
20 38 -13.2112 
21 38 26.4225 
22 38 -13.2112 
30 38 33.0281 
31 38 33.0281 
37 38 -10.3329 
38 38 55.1086 
39 38 -10.3329 
47 38 1.41479 
48 38 1.41479 
54 38 -0.565917 
55 38 1.13183 
56 38 -0.565917 
20 39 4.95422 
21 39 -13.2112 
22 39 5.04604 
23 39 -6.97292 
24 39 2.61485 
30 39 -13.2112 
31 39 -15.1381 
32 39 -6.97292 
37 39 3.44429 
38 39 -10.3329 
39 39 19.2549 
40 39 -8.922 
41 39 2.974 
47 39 -0.565917 
48 39 -4.11674 
49 39 -4.92308 
54 39 0.212219 
55 39 -0.565917 
56 39 1.37225 
57 39 -4.92308 
58 39 1.84615 
22 40 -6.97292 
23 40 13.9458 
24 40 -6.97292 
31 40 17.4323 
32 40 17.4323 
39 40 -8.922 
40 40 47.584 
41 40 -8.922 
48 40 12.3077 
49 40 12.3077 
56 40 -4.92308 
57 40 9.84615 
58 40 -4.92308 
22 41 2.61485 
23 41 -6.97292 
24 41 4.65647 
25 41 -11.6529 
26 41 4.36985 
31 41 -6.97292 
32 41 -13.9694 
33 41 -11.6529 
39 41 2.974 
40 41 -8.922 
41 41 18.2773 
42 41 -9.35532 
43 41 3.11844 
48 41 -4.92308 
49 41 -4.30793 
50 41 -0.820825 
56 41 1.84615 
57 41 -4.92308 
58 41 1.43598 
59 41 -0.820825 
60 41 0.307809 
24 42 -11.6529 
25 42 23.3059 
26 42 -11.6529 
32 42 29.1324 
33 42 29.1324 
41 42 -9.35532 
42 42 49.8951 
43 42 -9.35532 
49 42 2.05206 
50 42 2.05206 
58 42 -0.820825 
59 42 1.64165 
60 42 -0.820825 
24 43 4.36985 
25 43 -11.6529 
26 43 3.67406 
27 43 -3.04332 
28 43 1.14124 
32 43 -11.6529 
33 43 -11.0222 
34 43 -3.04332 
41 43 3.11844 
42 43 -9.35532 
43 43 12.9329 
44 43 -3.57758 
45 43 1.19253 
49 43 -0.820825 
50 43 -1.91071 
51 43 -1.72679 
58 43 0.307809 
59 43 -0.820825 
60 43 0.636903 
61 43 -1.72679 
62 43 0.647545 
26 44 -3.04332 
27 44 6.08664 
28 44 -3.04332 
33 44 7.6083 
34 44 7.6083 
43 44 -3.57758 
44 44 19.0804 
45 44 -3.57758 
50 44 4.31697 
51 44 4.31697 
60 44 -1.72679 
61 44 3.45357 
62 44 -1.72679 
26 45 1.14124 
27 45 -3.04332 
28 45 0.76083 
33 45 -3.04332 
34 45 -2.28249 
43 45 1.19253 
44 45 -3.57758 
45 45 3.57758 
50 45 -1.72679 
51 45 -1.29509 
60 45 0.647545 
61 45 -1.72679 
62 45 0.431697 
35 46 -9.41395 
36 46 31.3798 
37 46 -12.5519 
46 46 50.2077 
47 46 25.1039 
52 46 -9.41395 
53 46 31.3798 
54 46 -12.5519 
35 47 -12.5519 
36 47 31.3798 
37 47 -9.83839 
38 47 1.41479 
39 47 -0.565917 
46 47 25.1039 
47 47 52.4714 
48 47 1.13183 
52 47 -12.5519 
53 47 31.3798 
54 47 -9.83839 
55 47 1.41479 
56 47 -0.565917 
37 48 -0.565917 
38 48 1.41479 
39 48 -4.11674 
40 48 12.3077 
41 48 -4.92308 
47 48 1.13183 
48 48 21.956 
49 48 9.84615 
54 48 -0.565917 
55 48 1.41479 
56 48 -4.11674 
57 48 12.3077 
58 48 -4.92308 
39 49 -4.92308 
40 49 12.3077 
41 49 -4.30793 
42 49 2.05206 
43 49 -0.820825 
48 49 9.84615 
49 49 22.9756 
50 49 1.64165 
56 49 -4.92308 
57 49 12.3077 
58 49 -4.30793 
59 49 2.05206 
60 49 -0.820825 
41 50 -0.820825 
42 50 2.05206 
43 50 -1.91071 
44 50 4.31697 
45 50 -1.72679 
49 50 1.64165 
50 50 10.1904 
51 50 3.45357 
58 50 -0.820825 
59 50 2.05206 
60 50 -1.91071 
61 50 4.31697 
62 50 -1.72679 
43 51 -1.72679 
44 51 4.31697 
45 51 -1.29509 
50 51 3.45357 
51 51 6.90715 
60 51 -1.72679 
61 51 4.31697 
62 51 -1.29509 
35 52 3.13798 
36 52 -12.5519 
37 52 4.70697 
46 52 -9.41395 
47 52 -12.5519 
52 52 20.3934 
53 52 -20.3934 
54 52 6.7978 
63 52 -10.9794 
64 52 -14.6393 
69 52 3.65981 
70 52 -14.6393 
71 52 5.48972 
35 53 -12.5519 
36 53 25.1039 
37 53 -12.5519 
46 53 31.3798 
47 53 31.3798 
52 53 -20.3934 
53 53 108.765 
54 53 -20.3934 
63 53 36.5981 
64 53 36.5981 
69 53 -14.6393 
70 53 29.2785 
71 53 -14.6393 
35 54 4.70697 
36 54 -12.5519 
37 54 3.27946 
38 54 -0.565917 
39 54 0.212219 
46 54 -12.5519 
47 54 -9.83839 
48 54 -0.565917 
52 54 6.7978 
53 54 -20.3934 
54 54 30.0822 
55 54 -9.68882 
56 54 3.22961 
63 54 -14.6393 
64 54 -20.2438 
65 54 -12.3525 
69 54 5.48972 
70 54 -14.6393 
71 54 6.74794 
72 54 -12.3525 
73 54 4.63219 
37 55 -0.565917 
38 55 1.13183 
39 55 -0.565917 
47 55 1.41479 
48 55 1.41479 
54 55 -9.68882 
55 55 51.6737 
56 55 -9.68882 
64 55 30.8813 
65 55 30.8813 
71 55 -12.3525 
72 55 24.705 
73 55 -12.3525 
37 56 0.212219 
38 56 -0.565917 
39 56 1.37225 
40 56 -4.92308 
41 56 1.84615 
47 56 -0.565917 
48 56 -4.11674 
49 56 -4.92308 
54 56 3.22961 
55 56 -9.68882 
56 56 17.6091 
57 56 -7.9203 
58 56 2.6401 
64 56 -12.3525 
65 56 -13.4924 
66 56 -5.63732 
71 56 4.63219 
72 56 -12.3525 
73 56 4.49746 
74 56 -5.63732 
75 56 2.114 
39 57 -4.92308 
40 57 9.84615 
41 57 -4.92308 
48 57 12.3077 
49 57 12.3077 
56 57 -7.9203 
57 57 42.2416 
58 57 -7.9203 
65 57 14.0933 
66 57 14.0933 
73 57 -5.63732 
74 57 11.2746 
75 57 -5.63732 
39 58 1.84615 
40 58 -4.92308 
41 58 1.43598 
42 58 -0.820825 
43 58 0.307809 
48 58 -4.92308 
49 58 -4.30793 
50 58 -0.820825 
56 58 2.6401 
57 58 -7.9203 
58 58 21.2055 
59 58 -13.2852 
60 58 4.42842 
65 58 -5.63732 
66 58 -16.8976 
67 58 -16.8928 
73 58 2.114 
74 58 -5.63732 
75 58 5.63254 
76 58 -16.8928 
77 58 6.33481 
41 59 -0.820825 
42 59 1.64165 
43 59 -0.820825 
49 59 2.05206 
50 59 2.05206 
58 59 -13.2852 
59 59 70.8546 
60 59 -13.2852 
66 59 42.2321 
67 59 42.2321 
75 59 -16.8928 
76 59 33.7857 
77 59 -16.8928 
41 60 0.307809 
42 60 -0.820825 
43 60 0.636903 
44 60 -1.72679 
45 60 0.647545 
49 60 -0.820825 
50 60 -1.91071 
51 60 -1.72679 
58 60 4.42842 
59 60 -13.2852 
60 60 15.0396 
61 60 -1.75437 
62 60 0.58479 
66 60 -16.8928 
67 60 -13.1289 
68 60 -0.612375 
75 60 6.33481 
76 60 -16.8928 
77 60 4.3763 
78 60 -0.612375 
79 60 0.229641 
43 61 -1.72679 
44 61 3.45357 
45 61 -1.72679 
50 61 4.31697 
51 61 4.31697 
60 61 -1.75437 
61 61 9.35665 
62 61 -1.75437 
67 61 1.53094 
68 61 1.53094 
77 61 -0.612375 
78 61 1.22475 
79 61 -0.612375 
43 62 0.647545 
44 62 -1.72679 
45 62 0.431697 
50 62 -1.72679 
51 62 -1.29509 
60 62 0.58479 
61 62 -1.75437 
62 62 1.75437 
67 62 -0.612375 
68 62 -0.459281 
77 62 0.229641 
78 62 -0.612375 
79 62 0.153094 
52 63 -10.9794 
53 63 36.5981 
54 63 -14.6393 
63 63 58.557 
64 63 29.2785 
69 63 -10.9794 
70 63 36.5981 
71 63 -14.6393 
52 64 -14.6393 
53 64 36.5981 
54 64 -20.2438 
55 64 30.8813 
56 64 -12.3525 
63 64 29.2785 
64 64 107.967 
65 64 24.705 
69 64 -14.6393 
70 64 36.5981 
71 64 -20.2438 
72 64 30.8813 
73 64 -12.3525 
54 65 -12.3525 
55 65 30.8813 
56 65 -13.4924 
57 65 14.0933 
58 65 -5.63732 
64 65 24.705 
65 65 71.9593 
66 65 11.2746 
71 65 -12.3525 
72 65 30.8813 
73 65 -13.4924 
74 65 14.0933 
75 65 -5.63732 
56 66 -5.63732 
57 66 14.0933 
58 66 -16.8976 
59 66 42.2321 
60 66 -16.8928 
65 66 11.2746 
66 66 90.1206 
67 66 33.7857 
73 66 -5.63732 
74 66 14.0933 
75 66 -16.8976 
76 66 42.2321 
77 66 -16.8928 
58 67 -16.8928 
59 67 42.2321 
60 67 -13.1289 
61 67 1.53094 
62 67 -0.612375 
66 67 33.7857 
67 67 70.0208 
68 67 1.22475 
75 67 -16.8928 
76 67 42.2321 
77 67 -13.1289 
78 67 1.53094 
79 67 -0.612375 
60 68 -0.612375 
61 68 1.53094 
62 68 -0.459281 
67 68 1.22475 
68 68 2.4495 
77 68 -0.612375 
78 68 1.53094 
79 68 -0.459281 
52 69 3.65981 
53 69 -14.6393 
54 69 5.48972 
63 69 -10.9794 
64 69 -14.6393 
69 69 16.8294 
70 69 -16.8294 
71 69 5.60979 
80 69 -5.84992 
81 69 -7.7999 
86 69 1.94997 
87 69 -7.7999 
88 69 2.92496 
52 70 -14.6393 
53 70 29.2785 
54 70 -14.6393 
63 70 36.5981 
64 70 36.5981 
69 70 -16.8294 
70 70 89.7566 
71 70 -16.8294 
80 70 19.4997 
81 70 19.4997 
86 70 -7.7999 
87 70 15.5998 
88 70 -7.7999 
52 71 5.48972 
53 71 -14.6393 
54 71 6.74794 
55 71 -12.3525 
56 71 4.63219 
63 71 -14.6393 
64 71 -20.2438 
65 71 -12.3525 
69 71 5.60979 
70 71 -16.8294 
71 71 31.1812 
72 71 -14.3518 
73 71 4.78394 
80 71 -7.7999 
81 71 -10.9374 
82 71 -6.78326 
86 71 2.92496 
87 71 -7.7999 
88 71 3.64579 
89 71 -6.78326 
90 71 2.54372 
54 72 -12.3525 
55 72 24.705 
56 72 -12.3525 
64 72 30.8813 
65 72 30.8813 
71 72 -14.3518 
72 72 76.5431 
73 72 -14.3518 
81 72 16.9582 
82 72 16.9582 
88 72 -6.78326 
89 72 13.5665 
90 72 -6.78326 
54 73 4.63219 
55 73 -12.3525 
56 73 4.49746 
57 73 -5.63732 
58 73 2.114 
64 73 -12.3525 
65 73 -13.4924 
66 73 -5.63732 
71 73 4.78394 
72 73 -14.3518 
73 73 28.7867 
74 73 -14.4349 
75 73 4.81163 
81 73 -6.78326 
82 73 -15.2943 
83 73 -13.6092 
88 73 2.54372 
89 73 -6.78326 
90 73 5.09811 
91 73 -13.6092 
92 73 5.10345 
56 74 -5.63732 
57 74 11.2746 
58 74 -5.63732 
65 74 14.0933 
66 74 14.0933 
73 74 -14.4349 
74 74 76.986 
75 74 -14.4349 
82 74 34.023 
83 74 34.023 
90 74 -13.6092 
91 74 27.2184 
92 74 -13.6092 
56 75 2.114 
57 75 -5.63732 
58 75 5.63254 
59 75 -16.8928 
60 75 6.33481 
65 75 -5.63732 
66 75 -16.8976 
67 75 -16.8928 
73 75 4.81163 
74 75 -14.4349 
75 75 37.7072 
76 75 -23.2723 
77 75 7.75743 
82 75 -13.6092 
83 75 -20.8096 
84 75 -14.1369 
90 75 5.10345 
91 75 -13.6092 
92 75 6.93652 
93 75 -14.1369 
94 75 5.30133 
58 76 -16.8928 
59 76 33.7857 
60 76 -16.8928 
66 76 42.2321 
67 76 42.2321 
75 76 -23.2723 
76 76 124.119 
77 76 -23.2723 
83 76 35.3422 
84 76 35.3422 
92 76 -14.1369 
93 76 28.2738 
94 76 -14.1369 
58 77 6.33481 
59 77 -16.8928 
60 77 4.3763 
61 77 -0.612375 
62 77 0.229641 
66 77 -16.8928 
67 77 -13.1289 
68 77 -0.612375 
75 77 7.75743 
76 77 -23.2723 
77 77 26.2232 
78 77 -2.95092 
79 77 0.983639 
83 77 -14.1369 
84 77 -13.0943 
85 77 -3.32218 
92 77 5.30133 
93 77 -14.1369 
94 77 4.36477 
95 77 -3.32218 
96 77 1.24582 
60 78 -0.612375 
61 78 1.22475 
62 78 -0.612375 
67 78 1.53094 
68 78 1.53094 
77 78 -2.95092 
78 78 15.7382 
79 78 -2.95092 
84 78 8.30545 
85 78 8.30545 
94 78 -3.32218 
95 78 6.64436 
96 78 -3.32218 
60 79 0.229641 
61 79 -0.612375 
62 79 0.153094 
67 79 -0.612375 
68 79 -0.459281 
77 79 0.983639 
78 79 -2.95092 
79 79 2.95092 
84 79 -3.32218 
85 79 -2.49163 
94 79 1.24582 
95 79 -3.32218 
96 79 0.830545 
69 80 -5.84992 
70 80 19.4997 
71 80 -7.7999 
80 80 31.1996 
81 80 15.5998 
86 80 -5.84992 
87 80 19.4997 
88 80 -7.7999 
69 81 -7.7999 
70 81 19.4997 
71 81 -10.9374 
72 81 16.9582 
73 81 -6.78326 
80 81 15.5998 
81 81 58.3326 
82 81 13.5665 
86 81 -7.7999 
87 81 19.4997 
88 81 -10.9374 
89 81 16.9582 
90 81 -6.78326 
71 82 -6.78326 
72 82 16.9582 
73 82 -15.2943 
74 82 34.023 
75 82 -13.6092 
81 82 13.5665 
82 82 81.5698 
83 82 27.2184 
88 82 -6.78326 
89 82 16.9582 
90 82 -15.2943 
91 82 34.023 
92 82 -13.6092 
73 83 -13.6092 
74 83 34.023 
75 83 -20.8096 
76 83 35.3422 
77 83 -14.1369 
82 83 27.2184 
83 83 110.984 
84 83 28.2738 
90 83 -13.6092 
91 83 34.023 
92 83 -20.8096 
93 83 35.3422 
94 83 -14.1369 
75 84 -14.1369 
76 84 35.3422 
77 84 -13.0943 
78 84 8.30545 
79 84 -3.32218 
83 84 28.2738 
84 84 69.8363 
85 84 6.64436 
92 84 -14.1369 
93 84 35.3422 
94 84 -13.0943 
95 84 8.30545 
96 84 -3.32218 
77 85 -3.32218 
78 85 8.30545 
79 85 -2.49163 
84 85 6.64436 
85 85 13.2887 
94 85 -3.32218 
95 85 8.30545 
96 85 -2.49163 
69 86 1.94997 
70 86 -7.7999 
71 86 2.92496 
80 86 -5.84992 
81 86 -7.7999 
86 86 5.84992 
87 86 -5.84992 
88 86 1.94997 
69 87 -7.7999 
70 87 15.5998 
71 87 -7.7999 
80 87 19.4997 
81 87 19.4997 
86 87 -5.84992 
87 87 31.1996 
88 87 -5.84992 
69 88 2.92496 
70 88 -7.7999 
71 88 3.64579 
72 88 -6.78326 
73 88 2.54372 
80 88 -7.7999 
81 88 -10.9374 
82 88 -6.78326 
86 88 1.94997 
87 88 -5.84992 
88 88 10.9374 
89 88 -5.08745 
90 88 1.69582 
71 89 -6.78326 
72 89 13.5665 
73 89 -6.78326 
81 89 16.9582 
82 89 16.9582 
88 89 -5.08745 
89 89 27.133 
90 89 -5.08745 
71 90 2.54372 
72 90 -6.78326 
73 90 5.09811 
74 90 -13.6092 
75 90 5.10345 
81 90 -6.78326 
82 90 -15.2943 
83 90 -13.6092 
88 90 1.69582 
89 90 -5.08745 
90 90 15.2943 
91 90 -10.2069 
92 90 3.4023 
73 91 -13.6092 
74 91 27.2184 
75 91 -13.6092 
82 91 34.023 
83 91 34.023 
90 91 -10.2069 
91 91 54.4367 
92 91 -10.2069 
73 92 5.10345 
74 92 -13.6092 
75 92 6.93652 
76 92 -14.1369 
77 92 5.30133 
82 92 -13.6092 
83 92 -20.8096 
84 92 -14.1369 
90 92 3.4023 
91 92 -10.2069 
92 92 20.8096 
93 92 -10.6027 
94 92 3.53422 
75 93 -14.1369 
76 93 28.2738 
77 93 -14.1369 
83 93 35.3422 
84 93 35.3422 
92 93 -10.6027 
93 93 56.5475 
94 93 -10.6027 
75 94 5.30133 
76 94 -14.1369 
77 94 4.36477 
78 94 -3.32218 
79 94 1.24582 
83 94 -14.1369 
84 94 -13.0943 
85 94 -3.32218 
92 94 3.53422 
93 94 -10.6027 
94 94 13.0943 
95 94 -2.49163 
96 94 0.830545 
77 95 -3.32218 
78 95 6.64436 
79 95 -3.32218 
84 95 8.30545 
85 95 8.30545 
94 95 -2.49163 
95 95 13.2887 
96 95 -2.49163 
77 96 1.24582 
78 96 -3.32218 
79 96 0.830545 
84 96 -3.32218 
85 96 -2.49163 
94 96 0.830545 
95 96 -2.49163 
96 96 2.49163 
