7 7 37
1 1 1.000000000000000e+02
1 2 -4.325648115282207e-01
1 3 -1.665584378238097e+00
1 4 1.253323064748307e-01
1 6 2.183185818197101e+00
1 7 -9.564840548366904e-02
2 1 -4.325648115282207e-01
2 2 2.000000000000000e+02
2 4 3.272923614086541e-01
2 5 -1.146471350681464e+00
2 6 -1.363958830865957e-01
2 7 -8.323494636500225e-01
3 1 -1.665584378238097e+00
3 3 3.000000000000000e+02
3 5 1.914954749945406e+00
3 6 -3.763327659331765e-02
4 1 1.253323064748307e-01
4 2 3.272923614086541e-01
4 4 4.000000000000000e+02
4 6 -7.277726416062974e-02
4 7 2.944108163926404e-01
5 2 -1.146471350681464e+00
5 3 1.914954749945406e+00
5 5 5.000000000000000e+02
5 7 -1.336181857937804e+00
6 1 2.183185818197101e+00
6 2 -1.363958830865957e-01
6 3 -3.763327659331765e-02
6 4 -7.277726416062974e-02
6 6 6.000000000000000e+02
6 7 7.736060123425575e-01
7 1 -9.564840548366904e-02
7 2 -8.323494636500225e-01
7 4 2.944108163926404e-01
7 5 -1.336181857937804e+00
7 6 7.736060123425575e-01
7 7 7.000000000000000e+02
