0 0 -1.2889920078261999e-01 
1 0 -2.1167869432119001e-11 
2 0 3.2224800206239003e-02 
3 0 -2.1167955409351001e-11 
4 0 -2.1167957144075000e-11 
5 0 3.2224800206239003e-02 
6 0 3.2224800227407001e-02 
7 0 3.2224800206239003e-02 
0 1 -2.1167869432119001e-11 
1 1 -2.5779840156523998e-01 
2 1 -4.2335904205069002e-11 
3 1 3.2224800206239003e-02 
4 1 3.2224800206239003e-02 
5 1 -4.2335881653664001e-11 
6 1 6.4449600412477007e-02 
7 1 3.2224800227407001e-02 
8 1 -2.1167904018167999e-11 
9 1 3.2224800206239003e-02 
10 1 3.2224800206239003e-02 
11 1 3.2224800227407001e-02 
0 2 3.2224800206239003e-02 
1 2 -4.2335904205069002e-11 
2 2 -5.1559680313047995e-01 
3 2 -4.2335714794949998e-11 
4 2 3.2224800227407001e-02 
5 2 6.4449600412477007e-02 
6 2 -8.4671719613980995e-11 
7 2 6.4449600412477007e-02 
8 2 3.2224800206239003e-02 
9 2 -4.2335859535939999e-11 
10 2 3.2224800227407001e-02 
11 2 6.4449600412478006e-02 
56 2 -4.2335902470345998e-11 
57 2 3.2224800206239003e-02 
58 2 6.4449600412477007e-02 
59 2 3.2224800227407001e-02 
60 2 3.2224800206239003e-02 
61 2 3.2224800227407001e-02 
0 3 -2.1167955409351001e-11 
1 3 3.2224800206239003e-02 
2 3 -4.2335714794949998e-11 
3 3 -2.5779840156523998e-01 
4 3 3.2224800206239003e-02 
5 3 3.2224800227407001e-02 
6 3 6.4449600412477007e-02 
7 3 -4.2335899543000003e-11 
56 3 3.2224800206239003e-02 
57 3 -2.1167953674628000e-11 
58 3 3.2224800227407001e-02 
59 3 3.2224800206239003e-02 
0 4 -2.1167957144075000e-11 
1 4 3.2224800206239003e-02 
2 4 3.2224800227407001e-02 
3 4 3.2224800206239003e-02 
4 4 -2.5779840156523998e-01 
5 4 -4.2335718155976998e-11 
6 4 6.4449600412477007e-02 
7 4 -4.2335892604106002e-11 
84 4 -2.1167957144075000e-11 
85 4 3.2224800206239003e-02 
86 4 3.2224800227407001e-02 
87 4 3.2224800206239003e-02 
0 5 3.2224800206239003e-02 
1 5 -4.2335881653664001e-11 
2 5 6.4449600412477007e-02 
3 5 3.2224800227407001e-02 
4 5 -4.2335718155976998e-11 
5 5 -5.1559680313047995e-01 
6 5 -8.4671723950789995e-11 
7 5 6.4449600412477007e-02 
8 5 3.2224800206239003e-02 
9 5 3.2224800227407001e-02 
10 5 -4.2335805651092001e-11 
11 5 6.4449600412478006e-02 
84 5 3.2224800206239003e-02 
85 5 -4.2335881653664001e-11 
86 5 6.4449600412477007e-02 
87 5 3.2224800227407001e-02 
88 5 3.2224800206239003e-02 
89 5 3.2224800227407001e-02 
0 6 3.2224800227407001e-02 
1 6 6.4449600412477007e-02 
2 6 -8.4671719613980995e-11 
3 6 6.4449600412477007e-02 
4 6 6.4449600412477007e-02 
5 6 -8.4671723950789995e-11 
6 6 -1.0311936062610001e+00 
7 6 -8.4671433059347001e-11 
8 6 3.2224800227407001e-02 
9 6 6.4449600412477007e-02 
10 6 6.4449600412477007e-02 
11 6 -8.4671736527535002e-11 
56 6 6.4449600412477007e-02 
57 6 3.2224800227407001e-02 
58 6 -8.4671723950789995e-11 
59 6 6.4449600412477007e-02 
60 6 3.2224800227407001e-02 
61 6 6.4449600412478006e-02 
84 6 3.2224800227407001e-02 
85 6 6.4449600412477007e-02 
86 6 -8.4671719613980995e-11 
87 6 6.4449600412477007e-02 
88 6 3.2224800227407001e-02 
89 6 6.4449600412478006e-02 
112 6 6.4449600412477007e-02 
113 6 3.2224800227407001e-02 
114 6 3.2224800227407001e-02 
0 7 3.2224800206239003e-02 
1 7 3.2224800227407001e-02 
2 7 6.4449600412477007e-02 
3 7 -4.2335899543000003e-11 
4 7 -4.2335892604106002e-11 
5 7 6.4449600412477007e-02 
6 7 -8.4671433059347001e-11 
7 7 -5.1559680313047995e-01 
56 7 3.2224800227407001e-02 
57 7 3.2224800206239003e-02 
58 7 6.4449600412477007e-02 
59 7 -4.2335890869382997e-11 
84 7 3.2224800206239003e-02 
85 7 3.2224800227407001e-02 
86 7 6.4449600412477007e-02 
87 7 -4.2335899543000003e-11 
112 7 3.2224800227407001e-02 
113 7 3.2224800206239003e-02 
1 8 -2.1167904018167999e-11 
2 8 3.2224800206239003e-02 
5 8 3.2224800206239003e-02 
6 8 3.2224800227407001e-02 
8 8 -2.5779840156523998e-01 
9 8 -4.2335783533367999e-11 
10 8 -4.2335806084772999e-11 
11 8 6.4449600412477007e-02 
12 8 -2.1167965600852001e-11 
13 8 3.2224800206239003e-02 
14 8 3.2224800206239003e-02 
15 8 3.2224800227407001e-02 
1 9 3.2224800206239003e-02 
2 9 -4.2335859535939999e-11 
5 9 3.2224800227407001e-02 
6 9 6.4449600412477007e-02 
8 9 -4.2335783533367999e-11 
9 9 -5.1559680313047995e-01 
10 9 6.4449600412477007e-02 
11 9 -8.4671639708280999e-11 
12 9 3.2224800206239003e-02 
13 9 -4.2335907132415003e-11 
14 9 3.2224800227407001e-02 
15 9 6.4449600412477007e-02 
56 9 3.2224800206239003e-02 
58 9 3.2224800227407001e-02 
60 9 -4.2335776594473998e-11 
61 9 6.4449600412477007e-02 
62 9 3.2224800206239003e-02 
63 9 3.2224800227407001e-02 
1 10 3.2224800206239003e-02 
2 10 3.2224800227407001e-02 
5 10 -4.2335805651092001e-11 
6 10 6.4449600412477007e-02 
8 10 -4.2335806084772999e-11 
9 10 6.4449600412477007e-02 
10 10 -5.1559680313047995e-01 
11 10 -8.4671642310366006e-11 
12 10 3.2224800206239003e-02 
13 10 3.2224800227407001e-02 
14 10 -4.2335863764328000e-11 
15 10 6.4449600412477007e-02 
85 10 3.2224800206239003e-02 
86 10 3.2224800227407001e-02 
88 10 -4.2335806084772999e-11 
89 10 6.4449600412477007e-02 
90 10 3.2224800206239003e-02 
91 10 3.2224800227407001e-02 
1 11 3.2224800227407001e-02 
2 11 6.4449600412478006e-02 
5 11 6.4449600412478006e-02 
6 11 -8.4671736527535002e-11 
8 11 6.4449600412477007e-02 
9 11 -8.4671639708280999e-11 
10 11 -8.4671642310366006e-11 
11 11 -1.0311936062610001e+00 
12 11 3.2224800227407001e-02 
13 11 6.4449600412477007e-02 
14 11 6.4449600412477007e-02 
15 11 -8.4671725143411997e-11 
56 11 3.2224800227407001e-02 
58 11 6.4449600412477007e-02 
60 11 6.4449600412477007e-02 
61 11 -8.4671635371471999e-11 
62 11 3.2224800227407001e-02 
63 11 6.4449600412477007e-02 
85 11 3.2224800227407001e-02 
86 11 6.4449600412477007e-02 
88 11 6.4449600412477007e-02 
89 11 -8.4671639708280999e-11 
90 11 3.2224800227407001e-02 
91 11 6.4449600412477007e-02 
112 11 3.2224800227407001e-02 
114 11 6.4449600412477007e-02 
115 11 3.2224800227407001e-02 
8 12 -2.1167965600852001e-11 
9 12 3.2224800206239003e-02 
10 12 3.2224800206239003e-02 
11 12 3.2224800227407001e-02 
12 12 -2.5779840156523998e-01 
13 12 -4.2335860836983001e-11 
14 12 -4.2335870377962002e-11 
15 12 6.4449600412477007e-02 
16 12 -2.1167806982074001e-11 
17 12 3.2224800206239003e-02 
18 12 3.2224800206239003e-02 
19 12 3.2224800227407001e-02 
8 13 3.2224800206239003e-02 
9 13 -4.2335907132415003e-11 
10 13 3.2224800227407001e-02 
11 13 6.4449600412477007e-02 
12 13 -4.2335860836983001e-11 
13 13 -5.1559680313047995e-01 
14 13 6.4449600412477007e-02 
15 13 -8.4671729154959996e-11 
16 13 3.2224800206239003e-02 
17 13 -4.2335681835204000e-11 
18 13 3.2224800227407001e-02 
19 13 6.4449600412477007e-02 
60 13 3.2224800206239003e-02 
61 13 3.2224800227407001e-02 
62 13 -4.2335863439068001e-11 
63 13 6.4449600412477007e-02 
64 13 3.2224800206239003e-02 
65 13 3.2224800227407001e-02 
8 14 3.2224800206239003e-02 
9 14 3.2224800227407001e-02 
10 14 -4.2335863764328000e-11 
11 14 6.4449600412477007e-02 
12 14 -4.2335870377962002e-11 
13 14 6.4449600412477007e-02 
14 14 -5.1559680313047995e-01 
15 14 -8.4671725685513005e-11 
16 14 3.2224800206239003e-02 
17 14 3.2224800227407001e-02 
18 14 -4.2335699074018000e-11 
19 14 6.4449600412477007e-02 
88 14 3.2224800206239003e-02 
89 14 3.2224800227407001e-02 
90 14 -4.2335870377962002e-11 
91 14 6.4449600412477007e-02 
92 14 3.2224800206239003e-02 
93 14 3.2224800227407001e-02 
8 15 3.2224800227407001e-02 
9 15 6.4449600412477007e-02 
10 15 6.4449600412477007e-02 
11 15 -8.4671725143411997e-11 
12 15 6.4449600412477007e-02 
13 15 -8.4671729154959996e-11 
14 15 -8.4671725685513005e-11 
15 15 -1.0311936062610001e+00 
16 15 3.2224800227407001e-02 
17 15 6.4449600412477007e-02 
18 15 6.4449600412477007e-02 
19 15 -8.4671422651006003e-11 
60 15 3.2224800227407001e-02 
61 15 6.4449600412477007e-02 
62 15 6.4449600412477007e-02 
63 15 -8.4671728287598000e-11 
64 15 3.2224800227407001e-02 
65 15 6.4449600412477007e-02 
88 15 3.2224800227407001e-02 
89 15 6.4449600412477007e-02 
90 15 6.4449600412477007e-02 
91 15 -8.4671730889684002e-11 
92 15 3.2224800227407001e-02 
93 15 6.4449600412477007e-02 
114 15 3.2224800227407001e-02 
115 15 6.4449600412477007e-02 
116 15 3.2224800227407001e-02 
12 16 -2.1167806982074001e-11 
13 16 3.2224800206239003e-02 
14 16 3.2224800206239003e-02 
15 16 3.2224800227407001e-02 
16 16 -2.5779840156523998e-01 
17 16 -4.2335889893600997e-11 
18 16 -4.2335853464408002e-11 
19 16 6.4449600412477007e-02 
20 16 -2.1167934050569001e-11 
21 16 3.2224800206239003e-02 
22 16 3.2224800206239003e-02 
23 16 3.2224800227407001e-02 
12 17 3.2224800206239003e-02 
13 17 -4.2335681835204000e-11 
14 17 3.2224800227407001e-02 
15 17 6.4449600412477007e-02 
16 17 -4.2335889893600997e-11 
17 17 -5.1559680313047995e-01 
18 17 6.4449600412477007e-02 
19 17 -8.4671726986556000e-11 
20 17 3.2224800206239003e-02 
21 17 -4.2335823540428002e-11 
22 17 3.2224800227407001e-02 
23 17 6.4449600412477007e-02 
62 17 3.2224800206239003e-02 
63 17 3.2224800227407001e-02 
64 17 -4.2335893363048001e-11 
65 17 6.4449600412477007e-02 
66 17 3.2224800206239003e-02 
67 17 3.2224800227407001e-02 
12 18 3.2224800206239003e-02 
13 18 3.2224800227407001e-02 
14 18 -4.2335699074018000e-11 
15 18 6.4449600412477007e-02 
16 18 -4.2335853464408002e-11 
17 18 6.4449600412477007e-02 
18 18 -5.1559680313047995e-01 
19 18 -8.4671733058087998e-11 
20 18 3.2224800206239003e-02 
21 18 3.2224800227407001e-02 
22 18 -4.2335823540428002e-11 
23 18 6.4449600412477007e-02 
90 18 3.2224800206239003e-02 
91 18 3.2224800227407001e-02 
92 18 -4.2335855199130999e-11 
93 18 6.4449600412477007e-02 
94 18 3.2224800206239003e-02 
95 18 3.2224800227407001e-02 
12 19 3.2224800227407001e-02 
13 19 6.4449600412477007e-02 
14 19 6.4449600412477007e-02 
15 19 -8.4671422651006003e-11 
16 19 6.4449600412477007e-02 
17 19 -8.4671726986556000e-11 
18 19 -8.4671733058087998e-11 
19 19 -1.0311936062610001e+00 
20 19 3.2224800227407001e-02 
21 19 6.4449600412477007e-02 
22 19 6.4449600412477007e-02 
23 19 -8.4671710940364002e-11 
62 19 3.2224800227407001e-02 
63 19 6.4449600412477007e-02 
64 19 6.4449600412477007e-02 
65 19 -8.4671736527535002e-11 
66 19 3.2224800227407001e-02 
67 19 6.4449600412477007e-02 
90 19 3.2224800227407001e-02 
91 19 6.4449600412477007e-02 
92 19 6.4449600412477007e-02 
93 19 -8.4671735660173005e-11 
94 19 3.2224800227407001e-02 
95 19 6.4449600412477007e-02 
115 19 3.2224800227407001e-02 
116 19 6.4449600412477007e-02 
117 19 3.2224800227407001e-02 
16 20 -2.1167934050569001e-11 
17 20 3.2224800206239003e-02 
18 20 3.2224800206239003e-02 
19 20 3.2224800227407001e-02 
20 20 -2.5779840156523998e-01 
21 20 -4.2335830479322003e-11 
22 20 -4.2335838285576999e-11 
23 20 6.4449600412477007e-02 
24 20 -2.1167920498040998e-11 
25 20 3.2224800206239003e-02 
26 20 3.2224800206239003e-02 
27 20 3.2224800227407001e-02 
16 21 3.2224800206239003e-02 
17 21 -4.2335823540428002e-11 
18 21 3.2224800227407001e-02 
19 21 6.4449600412477007e-02 
20 21 -4.2335830479322003e-11 
21 21 -5.1559680313047995e-01 
22 21 6.4449600412477007e-02 
23 21 -8.4671664970190997e-11 
24 21 3.2224800206239003e-02 
25 21 -4.2335844682369997e-11 
26 21 3.2224800227407001e-02 
27 21 6.4449600412477007e-02 
64 21 3.2224800206239003e-02 
65 21 3.2224800227407001e-02 
66 21 -4.2335833948769000e-11 
67 21 6.4449600412477007e-02 
68 21 3.2224800206239003e-02 
69 21 3.2224800227407001e-02 
16 22 3.2224800206239003e-02 
17 22 3.2224800227407001e-02 
18 22 -4.2335823540428002e-11 
19 22 6.4449600412477007e-02 
20 22 -4.2335838285576999e-11 
21 22 6.4449600412477007e-02 
22 22 -5.1559680313047995e-01 
23 22 -8.4671666704915003e-11 
24 22 3.2224800206239003e-02 
25 22 3.2224800227407001e-02 
26 22 -4.2335825600412001e-11 
27 22 6.4449600412477007e-02 
92 22 3.2224800206239003e-02 
93 22 3.2224800227407001e-02 
94 22 -4.2335838285576999e-11 
95 22 6.4449600412477007e-02 
96 22 3.2224800206239003e-02 
97 22 3.2224800227407001e-02 
16 23 3.2224800227407001e-02 
17 23 6.4449600412477007e-02 
18 23 6.4449600412477007e-02 
19 23 -8.4671710940364002e-11 
20 23 6.4449600412477007e-02 
21 23 -8.4671664970190997e-11 
22 23 -8.4671666704915003e-11 
23 23 -1.0311936062610001e+00 
24 23 3.2224800227407001e-02 
25 23 6.4449600412477007e-02 
26 23 6.4449600412477007e-02 
27 23 -8.4671666162813994e-11 
64 23 3.2224800227407001e-02 
65 23 6.4449600412477007e-02 
66 23 6.4449600412477007e-02 
67 23 -8.4671666704915003e-11 
68 23 3.2224800227407001e-02 
69 23 6.4449600412477007e-02 
92 23 3.2224800227407001e-02 
93 23 6.4449600412477007e-02 
94 23 6.4449600412477007e-02 
95 23 -8.4671666704915003e-11 
96 23 3.2224800227407001e-02 
97 23 6.4449600412477007e-02 
116 23 3.2224800227407001e-02 
117 23 6.4449600412477007e-02 
118 23 3.2224800227407001e-02 
20 24 -2.1167920498040998e-11 
21 24 3.2224800206239003e-02 
22 24 3.2224800206239003e-02 
23 24 3.2224800227407001e-02 
24 24 -2.5779840156523998e-01 
25 24 -4.2335828744597997e-11 
26 24 -4.2335880786303000e-11 
27 24 6.4449600412477007e-02 
28 24 -2.1167897079273998e-11 
29 24 3.2224800206239003e-02 
30 24 3.2224800206239003e-02 
31 24 3.2224800227407001e-02 
20 25 3.2224800206239003e-02 
21 25 -4.2335844682369997e-11 
22 25 3.2224800227407001e-02 
23 25 6.4449600412477007e-02 
24 25 -4.2335828744597997e-11 
25 25 -5.1559680313047995e-01 
26 25 6.4449600412477007e-02 
27 25 -8.4671689256319997e-11 
28 25 3.2224800206239003e-02 
29 25 -4.2335847392875997e-11 
30 25 3.2224800227407001e-02 
31 25 6.4449600412477007e-02 
66 25 3.2224800206239003e-02 
67 25 3.2224800227407001e-02 
68 25 -4.2335834816130001e-11 
69 25 6.4449600412477007e-02 
70 25 3.2224800206239003e-02 
71 25 3.2224800227407001e-02 
20 26 3.2224800206239003e-02 
21 26 3.2224800227407001e-02 
22 26 -4.2335825600412001e-11 
23 26 6.4449600412477007e-02 
24 26 -4.2335880786303000e-11 
25 26 6.4449600412477007e-02 
26 26 -5.1559680313047995e-01 
27 26 -8.4671681450064006e-11 
28 26 3.2224800206239003e-02 
29 26 3.2224800227407001e-02 
30 26 -4.2335796977475002e-11 
31 26 6.4449600412478006e-02 
94 26 3.2224800206239003e-02 
95 26 3.2224800227407001e-02 
96 26 -4.2335879051579001e-11 
97 26 6.4449600412477007e-02 
98 26 3.2224800206239003e-02 
99 26 3.2224800227407001e-02 
20 27 3.2224800227407001e-02 
21 27 6.4449600412477007e-02 
22 27 6.4449600412477007e-02 
23 27 -8.4671666162813994e-11 
24 27 6.4449600412477007e-02 
25 27 -8.4671689256319997e-11 
26 27 -8.4671681450064006e-11 
27 27 -1.0311936062610001e+00 
28 27 3.2224800227407001e-02 
29 27 6.4449600412477007e-02 
30 27 6.4449600412477007e-02 
31 27 -8.4671644587190995e-11 
66 27 3.2224800227407001e-02 
67 27 6.4449600412477007e-02 
68 27 6.4449600412477007e-02 
69 27 -8.4671690991044003e-11 
70 27 3.2224800227407001e-02 
71 27 6.4449600412478006e-02 
94 27 3.2224800227407001e-02 
95 27 6.4449600412477007e-02 
96 27 6.4449600412477007e-02 
97 27 -8.4671689256319997e-11 
98 27 3.2224800227407001e-02 
99 27 6.4449600412477007e-02 
117 27 3.2224800227407001e-02 
118 27 6.4449600412477007e-02 
119 27 3.2224800227407001e-02 
24 28 -2.1167897079273998e-11 
25 28 3.2224800206239003e-02 
26 28 3.2224800206239003e-02 
27 28 3.2224800227407001e-02 
28 28 -2.5779840156523998e-01 
29 28 -4.2335862896966999e-11 
30 28 -4.2335856066493002e-11 
31 28 6.4449600412477007e-02 
32 28 -2.1167924726430001e-11 
33 28 3.2224800206239003e-02 
34 28 3.2224800206239003e-02 
35 28 3.2224800227407001e-02 
24 29 3.2224800206239003e-02 
25 29 -4.2335847392875997e-11 
26 29 3.2224800227407001e-02 
27 29 6.4449600412477007e-02 
28 29 -4.2335862896966999e-11 
29 29 -5.1559680313047995e-01 
30 29 6.4449600412477007e-02 
31 29 -8.4671694894170997e-11 
32 29 3.2224800206239003e-02 
33 29 -4.2335837743476003e-11 
34 29 3.2224800227407001e-02 
35 29 6.4449600412477007e-02 
68 29 3.2224800206239003e-02 
69 29 3.2224800227407001e-02 
70 29 -4.2335862896966999e-11 
71 29 6.4449600412477007e-02 
72 29 3.2224800206239003e-02 
73 29 3.2224800227407001e-02 
24 30 3.2224800206239003e-02 
25 30 3.2224800227407001e-02 
26 30 -4.2335796977475002e-11 
27 30 6.4449600412477007e-02 
28 30 -4.2335856066493002e-11 
29 30 6.4449600412477007e-02 
30 30 -5.1559680313047995e-01 
31 30 -8.4671689581580998e-11 
32 30 3.2224800206239003e-02 
33 30 3.2224800227407001e-02 
34 30 -4.2335828961439000e-11 
35 30 6.4449600412477007e-02 
96 30 3.2224800206239003e-02 
97 30 3.2224800227407001e-02 
98 30 -4.2335857801216000e-11 
99 30 6.4449600412477007e-02 
100 30 3.2224800206239003e-02 
101 30 3.2224800227407001e-02 
24 31 3.2224800227407001e-02 
25 31 6.4449600412477007e-02 
26 31 6.4449600412478006e-02 
27 31 -8.4671644587190995e-11 
28 31 6.4449600412477007e-02 
29 31 -8.4671694894170997e-11 
30 31 -8.4671689581580998e-11 
31 31 -1.0311936062610001e+00 
32 31 3.2224800227407001e-02 
33 31 6.4449600412477007e-02 
34 31 6.4449600412477007e-02 
35 31 -8.4671656621835006e-11 
68 31 3.2224800227407001e-02 
69 31 6.4449600412477007e-02 
70 31 6.4449600412477007e-02 
71 31 -8.4671691316303995e-11 
72 31 3.2224800227407001e-02 
73 31 6.4449600412477007e-02 
96 31 3.2224800227407001e-02 
97 31 6.4449600412477007e-02 
98 31 6.4449600412477007e-02 
99 31 -8.4671698363618000e-11 
100 31 3.2224800227407001e-02 
101 31 6.4449600412477007e-02 
118 31 3.2224800227407001e-02 
119 31 6.4449600412477007e-02 
120 31 3.2224800227407001e-02 
28 32 -2.1167924726430001e-11 
29 32 3.2224800206239003e-02 
30 32 3.2224800206239003e-02 
31 32 3.2224800227407001e-02 
32 32 -2.5779840156523998e-01 
33 32 -4.2335822889907002e-11 
34 32 -4.2335827660395999e-11 
35 32 6.4449600412477007e-02 
36 32 -2.1167957903016001e-11 
37 32 3.2224800206239003e-02 
38 32 3.2224800206239003e-02 
39 32 3.2224800227407001e-02 
28 33 3.2224800206239003e-02 
29 33 -4.2335837743476003e-11 
30 33 3.2224800227407001e-02 
31 33 6.4449600412477007e-02 
32 33 -4.2335822889907002e-11 
33 33 -5.1559680313047995e-01 
34 33 6.4449600412477007e-02 
35 33 -8.4671663885989006e-11 
36 33 3.2224800206239003e-02 
37 33 -4.2335884689430000e-11 
38 33 3.2224800227407001e-02 
39 33 6.4449600412477007e-02 
70 33 3.2224800206239003e-02 
71 33 3.2224800227407001e-02 
72 33 -4.2335821155183003e-11 
73 33 6.4449600412477007e-02 
74 33 3.2224800206239003e-02 
75 33 3.2224800227407001e-02 
28 34 3.2224800206239003e-02 
29 34 3.2224800227407001e-02 
30 34 -4.2335828961439000e-11 
31 34 6.4449600412477007e-02 
32 34 -4.2335827660395999e-11 
33 34 6.4449600412477007e-02 
34 34 -5.1559680313047995e-01 
35 34 -8.4671664319670004e-11 
36 34 3.2224800206239003e-02 
37 34 3.2224800227407001e-02 
38 34 -4.2335908975559000e-11 
39 34 6.4449600412477007e-02 
98 34 3.2224800206239003e-02 
99 34 3.2224800227407001e-02 
100 34 -4.2335827660395999e-11 
101 34 6.4449600412477007e-02 
102 34 3.2224800206239003e-02 
103 34 3.2224800227407001e-02 
28 35 3.2224800227407001e-02 
29 35 6.4449600412477007e-02 
30 35 6.4449600412477007e-02 
31 35 -8.4671656621835006e-11 
32 35 6.4449600412477007e-02 
33 35 -8.4671663885989006e-11 
34 35 -8.4671664319670004e-11 
35 35 -1.0311936062610001e+00 
36 35 3.2224800227407001e-02 
37 35 6.4449600412477007e-02 
38 35 6.4449600412477007e-02 
39 35 -8.4671766017834003e-11 
70 35 3.2224800227407001e-02 
71 35 6.4449600412477007e-02 
72 35 6.4449600412477007e-02 
73 35 -8.4671660850223000e-11 
74 35 3.2224800227407001e-02 
75 35 6.4449600412477007e-02 
98 35 3.2224800227407001e-02 
99 35 6.4449600412477007e-02 
100 35 6.4449600412477007e-02 
101 35 -8.4671665620712999e-11 
102 35 3.2224800227407001e-02 
103 35 6.4449600412477007e-02 
119 35 3.2224800227407001e-02 
120 35 6.4449600412477007e-02 
121 35 3.2224800227407001e-02 
32 36 -2.1167957903016001e-11 
33 36 3.2224800206239003e-02 
34 36 3.2224800206239003e-02 
35 36 3.2224800227407001e-02 
36 36 -2.5779840156523998e-01 
37 36 -4.2335834816130001e-11 
38 36 -4.2335818336256999e-11 
39 36 6.4449600412477007e-02 
43 36 -2.1167909222338999e-11 
47 36 3.2224800206239003e-02 
51 36 3.2224800206239003e-02 
55 36 3.2224800227407001e-02 
32 37 3.2224800206239003e-02 
33 37 -4.2335884689430000e-11 
34 37 3.2224800227407001e-02 
35 37 6.4449600412477007e-02 
36 37 -4.2335834816130001e-11 
37 37 -5.1559680313047995e-01 
38 37 6.4449600412477007e-02 
39 37 -8.4671661500745002e-11 
43 37 3.2224800206239003e-02 
47 37 -4.2335814324709000e-11 
51 37 3.2224800227407001e-02 
55 37 6.4449600412477007e-02 
72 37 3.2224800206239003e-02 
73 37 3.2224800227407001e-02 
74 37 -4.2335834816130001e-11 
75 37 6.4449600412477007e-02 
79 37 3.2224800206239003e-02 
83 37 3.2224800227407001e-02 
32 38 3.2224800206239003e-02 
33 38 3.2224800227407001e-02 
34 38 -4.2335908975559000e-11 
35 38 6.4449600412477007e-02 
36 38 -4.2335818336256999e-11 
37 38 6.4449600412477007e-02 
38 38 -5.1559680313047995e-01 
39 38 -8.4671664102829996e-11 
43 38 3.2224800206239003e-02 
47 38 3.2224800227407001e-02 
51 38 -4.2335821263603000e-11 
55 38 6.4449600412477007e-02 
100 38 3.2224800206239003e-02 
101 38 3.2224800227407001e-02 
102 38 -4.2335816601534001e-11 
103 38 6.4449600412477007e-02 
107 38 3.2224800206239003e-02 
111 38 3.2224800227407001e-02 
32 39 3.2224800227407001e-02 
33 39 6.4449600412477007e-02 
34 39 6.4449600412477007e-02 
35 39 -8.4671766017834003e-11 
36 39 6.4449600412477007e-02 
37 39 -8.4671661500745002e-11 
38 39 -8.4671664102829996e-11 
39 39 -1.0311936062610001e+00 
43 39 3.2224800227407001e-02 
47 39 6.4449600412477007e-02 
51 39 6.4449600412477007e-02 
55 39 -8.4671623662089001e-11 
72 39 3.2224800227407001e-02 
73 39 6.4449600412477007e-02 
74 39 6.4449600412477007e-02 
75 39 -8.4671665837552994e-11 
79 39 3.2224800227407001e-02 
83 39 6.4449600412477007e-02 
100 39 3.2224800227407001e-02 
101 39 6.4449600412477007e-02 
102 39 6.4449600412477007e-02 
103 39 -8.4671658031297998e-11 
107 39 3.2224800227407001e-02 
111 39 6.4449600412477007e-02 
120 39 3.2224800227407001e-02 
121 39 6.4449600412477007e-02 
125 39 3.2224800227407001e-02 
40 40 2.0086805549625000e+10 
41 40 3.3854166664443002e+09 
42 40 -3.3854166664443002e+09 
44 40 2.9340277805946002e+09 
45 40 4.7395833322214003e+09 
46 40 -2.7083333335556998e+09 
48 40 -3.8368055522940001e+09 
49 40 -4.7395833322214003e+09 
50 40 4.7395833322214003e+09 
52 40 -6.9965277779259996e+09 
53 40 -3.3854166664443002e+09 
54 40 1.3541666677786000e+09 
348 40 -6.5451388918540001e+09 
349 40 -2.7083333335556998e+09 
350 40 2.7083333335556998e+09 
357 40 -1.5798611108146000e+09 
358 40 1.3541666677786000e+09 
359 40 -1.3541666677786000e+09 
360 40 -6.9965277779259996e+09 
361 40 -1.3541666677786000e+09 
362 40 3.3854166664443002e+09 
366 40 2.9340277805946002e+09 
367 40 2.7083333335556998e+09 
368 40 -4.7395833322214003e+09 
40 41 3.3854166664443002e+09 
41 41 2.0086805549625000e+10 
42 41 -3.3854166664443002e+09 
44 41 -4.7395833322214003e+09 
45 41 -3.8368055522939000e+09 
46 41 4.7395833322214003e+09 
48 41 4.7395833322214003e+09 
49 41 2.9340277805946002e+09 
50 41 -2.7083333335556998e+09 
52 41 -3.3854166664443002e+09 
53 41 -6.9965277779259996e+09 
54 41 1.3541666677786000e+09 
348 41 -2.7083333335556998e+09 
349 41 -6.5451388918540001e+09 
350 41 2.7083333335556998e+09 
357 41 -1.3541666677786000e+09 
358 41 -6.9965277779259996e+09 
359 41 3.3854166664443002e+09 
360 41 1.3541666677786000e+09 
361 41 -1.5798611108146000e+09 
362 41 -1.3541666677786000e+09 
366 41 2.7083333335556998e+09 
367 41 2.9340277805946002e+09 
368 41 -4.7395833322214003e+09 
40 42 -3.3854166664443002e+09 
41 42 -3.3854166664443002e+09 
42 42 2.0086805549625000e+10 
44 42 -2.7083333335556998e+09 
45 42 -4.7395833322214003e+09 
46 42 2.9340277805946002e+09 
48 42 -4.7395833322214003e+09 
49 42 -2.7083333335556998e+09 
50 42 2.9340277805946002e+09 
52 42 -1.3541666677786000e+09 
53 42 -1.3541666677786000e+09 
54 42 -1.5798611108146000e+09 
348 42 2.7083333335556998e+09 
349 42 2.7083333335556998e+09 
350 42 -6.5451388918540001e+09 
357 42 1.3541666677786000e+09 
358 42 3.3854166664443002e+09 
359 42 -6.9965277779259996e+09 
360 42 3.3854166664443002e+09 
361 42 1.3541666677786000e+09 
362 42 -6.9965277779259996e+09 
366 42 4.7395833322214003e+09 
367 42 4.7395833322214003e+09 
368 42 -3.8368055522939000e+09 
36 43 -2.1167909222338999e-11 
37 43 3.2224800206239003e-02 
38 43 3.2224800206239003e-02 
39 43 3.2224800227407001e-02 
43 43 -1.2889920078261999e-01 
47 43 -2.1167934050569001e-11 
51 43 -2.1167920172780999e-11 
55 43 3.2224800206239003e-02 
40 44 2.9340277805946002e+09 
41 44 -4.7395833322214003e+09 
42 44 -2.7083333335556998e+09 
44 44 4.0173611099250999e+10 
45 44 4.7683715820312002e-07 
46 44 -6.7708333328886003e+09 
48 44 -6.9965277779259996e+09 
49 44 3.3854166664443002e+09 
50 44 1.3541666677786000e+09 
52 44 -7.6736111045879002e+09 
53 44 -1.9073486328125000e-06 
54 44 9.4791666644428005e+09 
76 44 2.9340277805946002e+09 
77 44 4.7395833322214003e+09 
78 44 -2.7083333335556998e+09 
80 44 -6.9965277779259996e+09 
81 44 -3.3854166664443002e+09 
82 44 1.3541666677786000e+09 
345 44 -6.5451388918540001e+09 
346 44 -2.7083333335556998e+09 
347 44 2.7083333335556998e+09 
348 44 -1.3993055555851999e+10 
349 44 -1.1920928955078000e-06 
350 44 6.7708333328886003e+09 
354 44 -1.5798611108146000e+09 
355 44 1.3541666677786000e+09 
356 44 -1.3541666677786000e+09 
357 44 5.8680555611892004e+09 
358 44 1.9073486328125000e-06 
359 44 -9.4791666644428005e+09 
360 44 -6.5451388918540001e+09 
361 44 2.7083333335556998e+09 
362 44 2.7083333335556998e+09 
366 44 -1.5798611108146000e+09 
367 44 -1.3541666677786000e+09 
368 44 -1.3541666677786000e+09 
40 45 4.7395833322214003e+09 
41 45 -3.8368055522939000e+09 
42 45 -4.7395833322214003e+09 
44 45 4.7683715820312002e-07 
45 45 4.0173611099250999e+10 
46 45 -9.5367431640625000e-07 
48 45 3.3854166664443002e+09 
49 45 -6.9965277779259996e+09 
50 45 -1.3541666677786000e+09 
52 45 9.5367431640625000e-07 
53 45 5.8680555611892004e+09 
54 45 -4.7683715820312002e-07 
76 45 -4.7395833322214003e+09 
77 45 -3.8368055522939000e+09 
78 45 4.7395833322214003e+09 
80 45 -3.3854166664443002e+09 
81 45 -6.9965277779259996e+09 
82 45 1.3541666677786000e+09 
345 45 -2.7083333335556998e+09 
346 45 -6.5451388918540001e+09 
347 45 2.7083333335556998e+09 
348 45 4.7683715820312002e-07 
349 45 -3.1597222216292000e+09 
350 45 4.7683715820312002e-07 
354 45 -1.3541666677786000e+09 
355 45 -6.9965277779259996e+09 
356 45 3.3854166664443002e+09 
358 45 5.8680555611892004e+09 
360 45 2.7083333335556998e+09 
361 45 -6.5451388918540001e+09 
362 45 -2.7083333335556998e+09 
366 45 1.3541666677786000e+09 
367 45 -6.9965277779259996e+09 
368 45 -3.3854166664443002e+09 
40 46 -2.7083333335556998e+09 
41 46 4.7395833322214003e+09 
42 46 2.9340277805946002e+09 
44 46 -6.7708333328886003e+09 
45 46 -9.5367431640625000e-07 
46 46 4.0173611099250999e+10 
48 46 -1.3541666677786000e+09 
49 46 1.3541666677786000e+09 
50 46 -1.5798611108146000e+09 
52 46 -9.4791666644428005e+09 
53 46 -4.7683715820312002e-07 
54 46 5.8680555611892004e+09 
76 46 -2.7083333335556998e+09 
77 46 -4.7395833322214003e+09 
78 46 2.9340277805946002e+09 
80 46 -1.3541666677786000e+09 
81 46 -1.3541666677786000e+09 
82 46 -1.5798611108146000e+09 
345 46 2.7083333335556998e+09 
346 46 2.7083333335556998e+09 
347 46 -6.5451388918540001e+09 
348 46 6.7708333328886003e+09 
349 46 4.7683715820312002e-07 
350 46 -1.3993055555851999e+10 
354 46 1.3541666677786000e+09 
355 46 3.3854166664443002e+09 
356 46 -6.9965277779259996e+09 
357 46 9.4791666644428005e+09 
359 46 -7.6736111045879002e+09 
360 46 2.7083333335556998e+09 
361 46 -2.7083333335556998e+09 
362 46 -6.5451388918540001e+09 
366 46 1.3541666677786000e+09 
367 46 -3.3854166664443002e+09 
368 46 -6.9965277779259996e+09 
36 47 3.2224800206239003e-02 
37 47 -4.2335814324709000e-11 
38 47 3.2224800227407001e-02 
39 47 6.4449600412477007e-02 
43 47 -2.1167934050569001e-11 
47 47 -2.5779840156523998e-01 
51 47 3.2224800206239003e-02 
55 47 -4.2335848693918003e-11 
74 47 3.2224800206239003e-02 
75 47 3.2224800227407001e-02 
79 47 -2.1167933183207001e-11 
83 47 3.2224800206239003e-02 
40 48 -3.8368055522940001e+09 
41 48 4.7395833322214003e+09 
42 48 -4.7395833322214003e+09 
44 48 -6.9965277779259996e+09 
45 48 3.3854166664443002e+09 
46 48 -1.3541666677786000e+09 
48 48 4.0173611099250999e+10 
49 48 -4.7683715820312002e-07 
50 48 4.7683715820312002e-07 
52 48 5.8680555611892004e+09 
104 48 -3.8368055522940001e+09 
105 48 -4.7395833322214003e+09 
106 48 4.7395833322214003e+09 
108 48 -6.9965277779259996e+09 
109 48 -3.3854166664443002e+09 
110 48 1.3541666677786000e+09 
348 48 -3.1597222216292000e+09 
349 48 2.3841857910156001e-07 
351 48 -6.5451388918540001e+09 
352 48 -2.7083333335556998e+09 
353 48 2.7083333335556998e+09 
357 48 -6.5451388918540001e+09 
358 48 2.7083333335556998e+09 
359 48 -2.7083333335556998e+09 
360 48 5.8680555611892004e+09 
362 48 9.5367431640625000e-07 
363 48 -6.9965277779259996e+09 
364 48 -1.3541666677786000e+09 
365 48 3.3854166664443002e+09 
366 48 -6.9965277779259996e+09 
367 48 1.3541666677786000e+09 
368 48 -3.3854166664443002e+09 
40 49 -4.7395833322214003e+09 
41 49 2.9340277805946002e+09 
42 49 -2.7083333335556998e+09 
44 49 3.3854166664443002e+09 
45 49 -6.9965277779259996e+09 
46 49 1.3541666677786000e+09 
48 49 -4.7683715820312002e-07 
49 49 4.0173611099250999e+10 
50 49 -6.7708333328886003e+09 
52 49 9.5367431640625000e-07 
53 49 -7.6736111045879002e+09 
54 49 9.4791666644428005e+09 
104 49 4.7395833322214003e+09 
105 49 2.9340277805946002e+09 
106 49 -2.7083333335556998e+09 
108 49 -3.3854166664443002e+09 
109 49 -6.9965277779259996e+09 
110 49 1.3541666677786000e+09 
348 49 4.7683715820312002e-07 
349 49 -1.3993055555851999e+10 
350 49 6.7708333328886003e+09 
351 49 -2.7083333335556998e+09 
352 49 -6.5451388918540001e+09 
353 49 2.7083333335556998e+09 
357 49 2.7083333335556998e+09 
358 49 -6.5451388918540001e+09 
359 49 2.7083333335556998e+09 
361 49 5.8680555611892004e+09 
362 49 -9.4791666644428005e+09 
363 49 1.3541666677786000e+09 
364 49 -1.5798611108146000e+09 
365 49 -1.3541666677786000e+09 
366 49 -1.3541666677786000e+09 
367 49 -1.5798611108146000e+09 
368 49 -1.3541666677786000e+09 
40 50 4.7395833322214003e+09 
41 50 -2.7083333335556998e+09 
42 50 2.9340277805946002e+09 
44 50 1.3541666677786000e+09 
45 50 -1.3541666677786000e+09 
46 50 -1.5798611108146000e+09 
48 50 4.7683715820312002e-07 
49 50 -6.7708333328886003e+09 
50 50 4.0173611099250999e+10 
53 50 -9.4791666644428005e+09 
54 50 5.8680555611892004e+09 
104 50 -4.7395833322214003e+09 
105 50 -2.7083333335556998e+09 
106 50 2.9340277805946002e+09 
108 50 -1.3541666677786000e+09 
109 50 -1.3541666677786000e+09 
110 50 -1.5798611108146000e+09 
349 50 6.7708333328886003e+09 
350 50 -1.3993055555851999e+10 
351 50 2.7083333335556998e+09 
352 50 2.7083333335556998e+09 
353 50 -6.5451388918540001e+09 
357 50 -2.7083333335556998e+09 
358 50 2.7083333335556998e+09 
359 50 -6.5451388918540001e+09 
361 50 9.4791666644428005e+09 
362 50 -7.6736111045879002e+09 
363 50 3.3854166664443002e+09 
364 50 1.3541666677786000e+09 
365 50 -6.9965277779259996e+09 
366 50 -3.3854166664443002e+09 
367 50 1.3541666677786000e+09 
368 50 -6.9965277779259996e+09 
36 51 3.2224800206239003e-02 
37 51 3.2224800227407001e-02 
38 51 -4.2335821263603000e-11 
39 51 6.4449600412477007e-02 
43 51 -2.1167920172780999e-11 
47 51 3.2224800206239003e-02 
51 51 -2.5779840156523998e-01 
55 51 -4.2335852163365000e-11 
102 51 3.2224800206239003e-02 
103 51 3.2224800227407001e-02 
107 51 -2.1167921907504000e-11 
111 51 3.2224800206239003e-02 
40 52 -6.9965277779259996e+09 
41 52 -3.3854166664443002e+09 
42 52 -1.3541666677786000e+09 
44 52 -7.6736111045879002e+09 
45 52 9.5367431640625000e-07 
46 52 -9.4791666644428005e+09 
48 52 5.8680555611892004e+09 
49 52 9.5367431640625000e-07 
52 52 8.0347222198501007e+10 
53 52 -4.7683715820312002e-07 
76 52 -6.9965277779259996e+09 
77 52 3.3854166664443002e+09 
78 52 -1.3541666677786000e+09 
80 52 5.8680555611892004e+09 
82 52 -4.7683715820312002e-07 
104 52 -6.9965277779259996e+09 
105 52 3.3854166664443002e+09 
106 52 1.3541666677786000e+09 
108 52 -7.6736111045879002e+09 
109 52 -1.9073486328125000e-06 
110 52 9.4791666644428005e+09 
122 52 -6.9965277779259996e+09 
123 52 -3.3854166664443002e+09 
124 52 1.3541666677786000e+09 
342 52 -6.5451388918540001e+09 
343 52 -2.7083333335556998e+09 
344 52 2.7083333335556998e+09 
345 52 -3.1597222216292000e+09 
346 52 2.3841857910156001e-07 
348 52 1.1736111122378000e+10 
349 52 9.5367431640625000e-07 
350 52 9.5367431640625000e-07 
351 52 -1.3993055555851999e+10 
352 52 -1.1920928955078000e-06 
353 52 6.7708333328886003e+09 
354 52 -6.5451388918540001e+09 
355 52 2.7083333335556998e+09 
356 52 -2.7083333335556998e+09 
357 52 -1.3993055555851999e+10 
358 52 -2.3841857910156001e-07 
359 52 -6.7708333328886003e+09 
360 52 -3.1597222216292000e+09 
361 52 2.3841857910156001e-07 
362 52 2.3841857910156001e-07 
363 52 -6.5451388918540001e+09 
364 52 2.7083333335556998e+09 
365 52 2.7083333335556998e+09 
366 52 -6.5451388918540001e+09 
367 52 -2.7083333335556998e+09 
368 52 -2.7083333335556998e+09 
40 53 -3.3854166664443002e+09 
41 53 -6.9965277779259996e+09 
42 53 -1.3541666677786000e+09 
44 53 -1.9073486328125000e-06 
45 53 5.8680555611892004e+09 
46 53 -4.7683715820312002e-07 
49 53 -7.6736111045879002e+09 
50 53 -9.4791666644428005e+09 
52 53 -4.7683715820312002e-07 
53 53 8.0347222198501007e+10 
54 53 -9.5367431640625000e-07 
76 53 3.3854166664443002e+09 
77 53 -6.9965277779259996e+09 
78 53 1.3541666677786000e+09 
80 53 9.5367431640625000e-07 
81 53 -7.6736111045879002e+09 
82 53 9.4791666644428005e+09 
104 53 3.3854166664443002e+09 
105 53 -6.9965277779259996e+09 
106 53 -1.3541666677786000e+09 
108 53 9.5367431640625000e-07 
109 53 5.8680555611892004e+09 
110 53 -4.7683715820312002e-07 
122 53 -3.3854166664443002e+09 
123 53 -6.9965277779259996e+09 
124 53 1.3541666677786000e+09 
342 53 -2.7083333335556998e+09 
343 53 -6.5451388918540001e+09 
344 53 2.7083333335556998e+09 
345 53 4.7683715820312002e-07 
346 53 -1.3993055555851999e+10 
347 53 6.7708333328886003e+09 
349 53 1.1736111122378000e+10 
350 53 -1.9073486328125000e-06 
351 53 4.7683715820312002e-07 
352 53 -3.1597222216292000e+09 
353 53 4.7683715820312002e-07 
354 53 2.7083333335556998e+09 
355 53 -6.5451388918540001e+09 
356 53 2.7083333335556998e+09 
357 53 -2.3841857910156001e-07 
358 53 -3.1597222216292000e+09 
359 53 2.3841857910156001e-07 
361 53 -1.3993055555851999e+10 
362 53 -6.7708333328886003e+09 
363 53 2.7083333335556998e+09 
364 53 -6.5451388918540001e+09 
365 53 -2.7083333335556998e+09 
366 53 -2.7083333335556998e+09 
367 53 -6.5451388918540001e+09 
368 53 -2.7083333335556998e+09 
40 54 1.3541666677786000e+09 
41 54 1.3541666677786000e+09 
42 54 -1.5798611108146000e+09 
44 54 9.4791666644428005e+09 
45 54 -4.7683715820312002e-07 
46 54 5.8680555611892004e+09 
49 54 9.4791666644428005e+09 
50 54 5.8680555611892004e+09 
53 54 -9.5367431640625000e-07 
54 54 8.0347222198501007e+10 
76 54 1.3541666677786000e+09 
77 54 -1.3541666677786000e+09 
78 54 -1.5798611108146000e+09 
81 54 -9.4791666644428005e+09 
82 54 5.8680555611892004e+09 
104 54 -1.3541666677786000e+09 
105 54 1.3541666677786000e+09 
106 54 -1.5798611108146000e+09 
108 54 -9.4791666644428005e+09 
109 54 -4.7683715820312002e-07 
110 54 5.8680555611892004e+09 
122 54 -1.3541666677786000e+09 
123 54 -1.3541666677786000e+09 
124 54 -1.5798611108146000e+09 
342 54 2.7083333335556998e+09 
343 54 2.7083333335556998e+09 
344 54 -6.5451388918540001e+09 
345 54 -4.7683715820312002e-07 
346 54 6.7708333328886003e+09 
347 54 -1.3993055555851999e+10 
348 54 -9.5367431640625000e-07 
350 54 -1.5347222209176001e+10 
351 54 6.7708333328886003e+09 
352 54 4.7683715820312002e-07 
353 54 -1.3993055555851999e+10 
354 54 -2.7083333335556998e+09 
355 54 2.7083333335556998e+09 
356 54 -6.5451388918540001e+09 
357 54 -6.7708333328886003e+09 
358 54 2.3841857910156001e-07 
359 54 -1.3993055555851999e+10 
361 54 -6.7708333328886003e+09 
362 54 -1.3993055555851999e+10 
363 54 2.7083333335556998e+09 
364 54 -2.7083333335556998e+09 
365 54 -6.5451388918540001e+09 
366 54 -2.7083333335556998e+09 
367 54 -2.7083333335556998e+09 
368 54 -6.5451388918540001e+09 
36 55 3.2224800227407001e-02 
37 55 6.4449600412477007e-02 
38 55 6.4449600412477007e-02 
39 55 -8.4671623662089001e-11 
43 55 3.2224800206239003e-02 
47 55 -4.2335848693918003e-11 
51 55 -4.2335852163365000e-11 
55 55 -5.1559680313047995e-01 
74 55 3.2224800227407001e-02 
75 55 6.4449600412477007e-02 
79 55 3.2224800206239003e-02 
83 55 -4.2335851296002997e-11 
102 55 3.2224800227407001e-02 
103 55 6.4449600412477007e-02 
107 55 3.2224800206239003e-02 
111 55 -4.2335852163365000e-11 
121 55 3.2224800227407001e-02 
125 55 3.2224800206239003e-02 
2 56 -4.2335902470345998e-11 
3 56 3.2224800206239003e-02 
6 56 6.4449600412477007e-02 
7 56 3.2224800227407001e-02 
9 56 3.2224800206239003e-02 
11 56 3.2224800227407001e-02 
56 56 -2.5779840156523998e-01 
57 56 -2.1167845254411000e-11 
58 56 -4.2335841429763997e-11 
59 56 3.2224800206239003e-02 
60 56 -2.1167953674628000e-11 
61 56 3.2224800206239003e-02 
2 57 3.2224800206239003e-02 
3 57 -2.1167953674628000e-11 
6 57 3.2224800227407001e-02 
7 57 3.2224800206239003e-02 
56 57 -2.1167845254411000e-11 
57 57 -1.2889920078261999e-01 
58 57 3.2224800206239003e-02 
59 57 -2.1167942398924999e-11 
2 58 6.4449600412477007e-02 
3 58 3.2224800227407001e-02 
6 58 -8.4671723950789995e-11 
7 58 6.4449600412477007e-02 
9 58 3.2224800227407001e-02 
11 58 6.4449600412477007e-02 
56 58 -4.2335841429763997e-11 
57 58 3.2224800206239003e-02 
58 58 -5.1559680313047995e-01 
59 58 -4.2335716529673003e-11 
60 58 3.2224800206239003e-02 
61 58 -4.2335929033298997e-11 
86 58 6.4449600412477007e-02 
87 58 3.2224800227407001e-02 
89 58 3.2224800227407001e-02 
112 58 -4.2335841429763997e-11 
113 58 3.2224800206239003e-02 
114 58 3.2224800206239003e-02 
2 59 3.2224800227407001e-02 
3 59 3.2224800206239003e-02 
6 59 6.4449600412477007e-02 
7 59 -4.2335890869382997e-11 
56 59 3.2224800206239003e-02 
57 59 -2.1167942398924999e-11 
58 59 -4.2335716529673003e-11 
59 59 -2.5779840156523998e-01 
86 59 3.2224800227407001e-02 
87 59 3.2224800206239003e-02 
112 59 3.2224800206239003e-02 
113 59 -2.1167942398924999e-11 
2 60 3.2224800206239003e-02 
6 60 3.2224800227407001e-02 
9 60 -4.2335776594473998e-11 
11 60 6.4449600412477007e-02 
13 60 3.2224800206239003e-02 
15 60 3.2224800227407001e-02 
56 60 -2.1167953674628000e-11 
58 60 3.2224800206239003e-02 
60 60 -2.5779840156523998e-01 
61 60 -4.2335833623507999e-11 
62 60 -2.1167941531564001e-11 
63 60 3.2224800206239003e-02 
2 61 3.2224800227407001e-02 
6 61 6.4449600412478006e-02 
9 61 6.4449600412477007e-02 
11 61 -8.4671635371471999e-11 
13 61 3.2224800227407001e-02 
15 61 6.4449600412477007e-02 
56 61 3.2224800206239003e-02 
58 61 -4.2335929033298997e-11 
60 61 -4.2335833623507999e-11 
61 61 -5.1559680313047995e-01 
62 61 3.2224800206239003e-02 
63 61 -4.2335861379084003e-11 
86 61 3.2224800227407001e-02 
89 61 6.4449600412477007e-02 
91 61 3.2224800227407001e-02 
112 61 3.2224800206239003e-02 
114 61 -4.2335833623507999e-11 
115 61 3.2224800206239003e-02 
9 62 3.2224800206239003e-02 
11 62 3.2224800227407001e-02 
13 62 -4.2335863439068001e-11 
15 62 6.4449600412477007e-02 
17 62 3.2224800206239003e-02 
19 62 3.2224800227407001e-02 
60 62 -2.1167941531564001e-11 
61 62 3.2224800206239003e-02 
62 62 -2.5779840156523998e-01 
63 62 -4.2335857909636999e-11 
64 62 -2.1167873009985999e-11 
65 62 3.2224800206239003e-02 
9 63 3.2224800227407001e-02 
11 63 6.4449600412477007e-02 
13 63 6.4449600412477007e-02 
15 63 -8.4671728287598000e-11 
17 63 3.2224800227407001e-02 
19 63 6.4449600412477007e-02 
60 63 3.2224800206239003e-02 
61 63 -4.2335861379084003e-11 
62 63 -4.2335857909636999e-11 
63 63 -5.1559680313047995e-01 
64 63 3.2224800206239003e-02 
65 63 -4.2335721733843999e-11 
89 63 3.2224800227407001e-02 
91 63 6.4449600412477007e-02 
93 63 3.2224800227407001e-02 
114 63 3.2224800206239003e-02 
115 63 -4.2335859644359997e-11 
116 63 3.2224800206239003e-02 
13 64 3.2224800206239003e-02 
