%%MatrixMarket matrix coordinate real general
%
255 287 12209
1 1 2.280359758634908e-01
1 272 -5.525168117597036e-04
1 273 -6.208620390765812e-04
1 274 -7.033492055059654e-04
1 275 -8.042738356869156e-04
1 276 -9.297263377348949e-04
1 277 -1.088587062215785e-03
1 278 -1.294238597652442e-03
1 279 -1.567661095276459e-03
1 280 -1.943371691484645e-03
1 281 -2.481696311300893e-03
1 282 -3.296642098261374e-03
1 283 -4.627742817016021e-03
1 284 -7.062023796347370e-03
1 285 -1.245387971996841e-02
1 286 -3.171121722621580e-02
1 259 -3.212690241347490e-02
1 2 -3.212690241110214e-02
1 3 -3.171121722621555e-02
1 4 -1.245387971996829e-02
1 5 -7.062023796347388e-03
1 6 -4.627742817016054e-03
1 7 -3.296642098261380e-03
1 8 -2.481696311300894e-03
1 9 -1.943371691484648e-03
1 10 -1.567661095276460e-03
1 11 -1.294238597652444e-03
1 12 -1.088587062215784e-03
1 13 -9.297263377348936e-04
1 14 -8.042738356869151e-04
1 15 -7.033492055059662e-04
1 16 -6.208620390765807e-04
1 17 -5.525168117597029e-04
1 18 -4.952101543643846e-04
1 19 -4.466526110464375e-04
1 20 -4.051238930887112e-04
1 21 -3.693102175529135e-04
1 22 -3.381936186597390e-04
1 23 -3.109750288993225e-04
1 24 -2.870198139504577e-04
1 25 -2.658185490702999e-04
1 26 -2.469583362333542e-04
1 27 -2.301015345676743e-04
1 28 -2.149697865524719e-04
1 29 -2.013318804156473e-04
1 30 -1.889944272727384e-04
1 31 -1.777946291725829e-04
2 2 2.280359758638893e-01
2 272 -4.952101543643851e-04
2 273 -5.525168117597027e-04
2 274 -6.208620390765809e-04
2 275 -7.033492055059650e-04
2 276 -8.042738356869161e-04
2 277 -9.297263377348931e-04
2 278 -1.088587062215784e-03
2 279 -1.294238597652441e-03
2 280 -1.567661095276459e-03
2 281 -1.943371691484646e-03
2 282 -2.481696311300894e-03
2 283 -3.296642098261369e-03
2 284 -4.627742817016042e-03
2 285 -7.062023796347407e-03
2 286 -1.245387971996838e-02
2 259 -3.171121722621567e-02
2 1 -3.212690241110214e-02
2 3 -3.212690241134041e-02
2 4 -3.171121722621564e-02
2 5 -1.245387971996835e-02
2 6 -7.062023796347381e-03
2 7 -4.627742817016035e-03
2 8 -3.296642098261372e-03
2 9 -2.481696311300893e-03
2 10 -1.943371691484647e-03
2 11 -1.567661095276463e-03
2 12 -1.294238597652441e-03
2 13 -1.088587062215785e-03
2 14 -9.297263377348933e-04
2 15 -8.042738356869167e-04
2 16 -7.033492055059650e-04
2 17 -6.208620390765812e-04
2 18 -5.525168117597029e-04
2 19 -4.952101543643854e-04
2 20 -4.466526110464371e-04
2 21 -4.051238930887113e-04
2 22 -3.693102175529134e-04
2 23 -3.381936186597394e-04
2 24 -3.109750288993222e-04
2 25 -2.870198139504578e-04
2 26 -2.658185490702999e-04
2 27 -2.469583362333544e-04
2 28 -2.301015345676743e-04
2 29 -2.149697865524719e-04
2 30 -2.013318804156473e-04
2 31 -1.889944272727384e-04
3 3 2.280359758645164e-01
3 272 -4.466526110464378e-04
3 273 -4.952101543643850e-04
3 274 -5.525168117597033e-04
3 275 -6.208620390765816e-04
3 276 -7.033492055059667e-04
3 277 -8.042738356869161e-04
3 278 -9.297263377348943e-04
3 279 -1.088587062215786e-03
3 280 -1.294238597652443e-03
3 281 -1.567661095276460e-03
3 282 -1.943371691484642e-03
3 283 -2.481696311300884e-03
3 284 -3.296642098261355e-03
3 285 -4.627742817016037e-03
3 286 -7.062023796347383e-03
3 259 -1.245387971996833e-02
3 1 -3.171121722621555e-02
3 2 -3.212690241134041e-02
3 4 -3.212690241170384e-02
3 5 -3.171121722621573e-02
3 6 -1.245387971996837e-02
3 7 -7.062023796347387e-03
3 8 -4.627742817016047e-03
3 9 -3.296642098261387e-03
3 10 -2.481696311300902e-03
3 11 -1.943371691484650e-03
3 12 -1.567661095276460e-03
3 13 -1.294238597652441e-03
3 14 -1.088587062215784e-03
3 15 -9.297263377348942e-04
3 16 -8.042738356869145e-04
3 17 -7.033492055059649e-04
3 18 -6.208620390765805e-04
3 19 -5.525168117597032e-04
3 20 -4.952101543643844e-04
3 21 -4.466526110464369e-04
3 22 -4.051238930887110e-04
3 23 -3.693102175529136e-04
3 24 -3.381936186597389e-04
3 25 -3.109750288993222e-04
3 26 -2.870198139504576e-04
3 27 -2.658185490703001e-04
3 28 -2.469583362333543e-04
3 29 -2.301015345676742e-04
3 30 -2.149697865524718e-04
3 31 -2.013318804156473e-04
4 4 2.280359758653176e-01
4 272 -4.051238930887116e-04
4 273 -4.466526110464370e-04
4 274 -4.952101543643846e-04
4 275 -5.525168117597028e-04
4 276 -6.208620390765815e-04
4 277 -7.033492055059650e-04
4 278 -8.042738356869151e-04
4 279 -9.297263377348931e-04
4 280 -1.088587062215784e-03
4 281 -1.294238597652441e-03
4 282 -1.567661095276459e-03
4 283 -1.943371691484643e-03
4 284 -2.481696311300884e-03
4 285 -3.296642098261373e-03
4 286 -4.627742817016030e-03
4 259 -7.062023796347370e-03
4 1 -1.245387971996829e-02
4 2 -3.171121722621564e-02
4 3 -3.212690241170384e-02
4 5 -3.212690241214601e-02
4 6 -3.171121722621568e-02
4 7 -1.245387971996840e-02
4 8 -7.062023796347416e-03
4 9 -4.627742817016046e-03
4 10 -3.296642098261381e-03
4 11 -2.481696311300896e-03
4 12 -1.943371691484649e-03
4 13 -1.567661095276461e-03
4 14 -1.294238597652441e-03
4 15 -1.088587062215787e-03
4 16 -9.297263377348931e-04
4 17 -8.042738356869157e-04
4 18 -7.033492055059651e-04
4 19 -6.208620390765819e-04
4 20 -5.525168117597029e-04
4 21 -4.952101543643848e-04
4 22 -4.466526110464370e-04
4 23 -4.051238930887118e-04
4 24 -3.693102175529134e-04
4 25 -3.381936186597391e-04
4 26 -3.109750288993223e-04
4 27 -2.870198139504580e-04
4 28 -2.658185490703000e-04
4 29 -2.469583362333544e-04
4 30 -2.301015345676744e-04
4 31 -2.149697865524721e-04
5 5 2.280359758661545e-01
5 272 -3.693102175529138e-04
5 273 -4.051238930887113e-04
5 274 -4.466526110464372e-04
5 275 -4.952101543643848e-04
5 276 -5.525168117597036e-04
5 277 -6.208620390765812e-04
5 278 -7.033492055059654e-04
5 279 -8.042738356869156e-04
5 280 -9.297263377348937e-04
5 281 -1.088587062215785e-03
5 282 -1.294238597652442e-03
5 283 -1.567661095276460e-03
5 284 -1.943371691484641e-03
5 285 -2.481696311300892e-03
5 286 -3.296642098261374e-03
5 259 -4.627742817016041e-03
5 1 -7.062023796347388e-03
5 2 -1.245387971996835e-02
5 3 -3.171121722621573e-02
5 4 -3.212690241214601e-02
5 6 -3.212690241257796e-02
5 7 -3.171121722621576e-02
5 8 -1.245387971996840e-02
5 9 -7.062023796347400e-03
5 10 -4.627742817016044e-03
5 11 -3.296642098261381e-03
5 12 -2.481696311300898e-03
5 13 -1.943371691484647e-03
5 14 -1.567661095276461e-03
5 15 -1.294238597652444e-03
5 16 -1.088587062215784e-03
5 17 -9.297263377348936e-04
5 18 -8.042738356869151e-04
5 19 -7.033492055059662e-04
5 20 -6.208620390765807e-04
5 21 -5.525168117597029e-04
5 22 -4.952101543643846e-04
5 23 -4.466526110464375e-04
5 24 -4.051238930887112e-04
5 25 -3.693102175529135e-04
5 26 -3.381936186597390e-04
5 27 -3.109750288993225e-04
5 28 -2.870198139504578e-04
5 29 -2.658185490703000e-04
5 30 -2.469583362333544e-04
5 31 -2.301015345676745e-04
6 6 2.280359758672705e-01
6 272 -3.381936186597392e-04
6 273 -3.693102175529133e-04
6 274 -4.051238930887112e-04
6 275 -4.466526110464370e-04
6 276 -4.952101543643851e-04
6 277 -5.525168117597027e-04
6 278 -6.208620390765809e-04
6 279 -7.033492055059650e-04
6 280 -8.042738356869151e-04
6 281 -9.297263377348931e-04
6 282 -1.088587062215784e-03
6 283 -1.294238597652441e-03
6 284 -1.567661095276458e-03
6 285 -1.943371691484646e-03
6 286 -2.481696311300894e-03
6 259 -3.296642098261379e-03
6 1 -4.627742817016054e-03
6 2 -7.062023796347381e-03
6 3 -1.245387971996837e-02
6 4 -3.171121722621568e-02
6 5 -3.212690241257796e-02
6 7 -3.212690241324843e-02
6 8 -3.171121722621563e-02
6 9 -1.245387971996835e-02
6 10 -7.062023796347374e-03
6 11 -4.627742817016028e-03
6 12 -3.296642098261378e-03
6 13 -2.481696311300892e-03
6 14 -1.943371691484648e-03
6 15 -1.567661095276463e-03
6 16 -1.294238597652441e-03
6 17 -1.088587062215785e-03
6 18 -9.297263377348933e-04
6 19 -8.042738356869167e-04
6 20 -7.033492055059650e-04
6 21 -6.208620390765812e-04
6 22 -5.525168117597029e-04
6 23 -4.952101543643854e-04
6 24 -4.466526110464371e-04
6 25 -4.051238930887113e-04
6 26 -3.693102175529134e-04
6 27 -3.381936186597394e-04
6 28 -3.109750288993223e-04
6 29 -2.870198139504578e-04
6 30 -2.658185490702999e-04
6 31 -2.469583362333546e-04
7 7 2.280359758687986e-01
7 272 -3.109750288993227e-04
7 273 -3.381936186597394e-04
7 274 -3.693102175529138e-04
7 275 -4.051238930887117e-04
7 276 -4.466526110464380e-04
7 277 -4.952101543643853e-04
7 278 -5.525168117597036e-04
7 279 -6.208620390765819e-04
7 280 -7.033492055059663e-04
7 281 -8.042738356869166e-04
7 282 -9.297263377348949e-04
7 283 -1.088587062215787e-03
7 284 -1.294238597652444e-03
7 285 -1.567661095276462e-03
7 286 -1.943371691484646e-03
7 259 -2.481696311300894e-03
7 1 -3.296642098261380e-03
7 2 -4.627742817016035e-03
7 3 -7.062023796347387e-03
7 4 -1.245387971996840e-02
7 5 -3.171121722621576e-02
7 6 -3.212690241324843e-02
7 8 -3.212690241411013e-02
7 9 -3.171121722621556e-02
7 10 -1.245387971996830e-02
7 11 -7.062023796347360e-03
7 12 -4.627742817016046e-03
7 13 -3.296642098261379e-03
7 14 -2.481696311300899e-03
7 15 -1.943371691484649e-03
7 16 -1.567661095276459e-03
7 17 -1.294238597652439e-03
7 18 -1.088587062215783e-03
7 19 -9.297263377348935e-04
7 20 -8.042738356869140e-04
7 21 -7.033492055059645e-04
7 22 -6.208620390765801e-04
7 23 -5.525168117597029e-04
7 24 -4.952101543643842e-04
7 25 -4.466526110464367e-04
7 26 -4.051238930887108e-04
7 27 -3.693102175529134e-04
7 28 -3.381936186597389e-04
7 29 -3.109750288993221e-04
7 30 -2.870198139504574e-04
7 31 -2.658185490703000e-04
8 8 2.280359758697020e-01
8 272 -2.870198139504579e-04
8 273 -3.109750288993222e-04
8 274 -3.381936186597390e-04
8 275 -3.693102175529133e-04
8 276 -4.051238930887116e-04
8 277 -4.466526110464370e-04
8 278 -4.952101543643847e-04
8 279 -5.525168117597028e-04
8 280 -6.208620390765809e-04
8 281 -7.033492055059650e-04
8 282 -8.042738356869151e-04
8 283 -9.297263377348931e-04
8 284 -1.088587062215784e-03
8 285 -1.294238597652441e-03
8 286 -1.567661095276459e-03
8 259 -1.943371691484644e-03
8 1 -2.481696311300894e-03
8 2 -3.296642098261372e-03
8 3 -4.627742817016047e-03
8 4 -7.062023796347416e-03
8 5 -1.245387971996840e-02
8 6 -3.171121722621563e-02
8 7 -3.212690241411013e-02
8 9 -3.212690241410929e-02
8 10 -3.171121722621564e-02
8 11 -1.245387971996831e-02
8 12 -7.062023796347396e-03
8 13 -4.627742817016047e-03
8 14 -3.296642098261386e-03
8 15 -2.481696311300901e-03
8 16 -1.943371691484650e-03
8 17 -1.567661095276461e-03
8 18 -1.294238597652441e-03
8 19 -1.088587062215787e-03
8 20 -9.297263377348931e-04
8 21 -8.042738356869156e-04
8 22 -7.033492055059651e-04
8 23 -6.208620390765819e-04
8 24 -5.525168117597029e-04
8 25 -4.952101543643848e-04
8 26 -4.466526110464370e-04
8 27 -4.051238930887118e-04
8 28 -3.693102175529135e-04
8 29 -3.381936186597391e-04
8 30 -3.109750288993223e-04
8 31 -2.870198139504580e-04
9 9 2.280359758693060e-01
9 272 -2.658185490703001e-04
9 273 -2.870198139504577e-04
9 274 -3.109750288993223e-04
9 275 -3.381936186597392e-04
9 276 -3.693102175529138e-04
9 277 -4.051238930887113e-04
9 278 -4.466526110464372e-04
9 279 -4.952101543643848e-04
9 280 -5.525168117597029e-04
9 281 -6.208620390765812e-04
9 282 -7.033492055059654e-04
9 283 -8.042738356869156e-04
9 284 -9.297263377348937e-04
9 285 -1.088587062215785e-03
9 286 -1.294238597652442e-03
9 259 -1.567661095276460e-03
9 1 -1.943371691484648e-03
9 2 -2.481696311300893e-03
9 3 -3.296642098261387e-03
9 4 -4.627742817016046e-03
9 5 -7.062023796347400e-03
9 6 -1.245387971996835e-02
9 7 -3.171121722621556e-02
9 8 -3.212690241410929e-02
9 10 -3.212690241376343e-02
9 11 -3.171121722621564e-02
9 12 -1.245387971996837e-02
9 13 -7.062023796347383e-03
9 14 -4.627742817016049e-03
9 15 -3.296642098261385e-03
9 16 -2.481696311300899e-03
9 17 -1.943371691484649e-03
9 18 -1.567661095276461e-03
9 19 -1.294238597652444e-03
9 20 -1.088587062215784e-03
9 21 -9.297263377348936e-04
9 22 -8.042738356869151e-04
9 23 -7.033492055059662e-04
9 24 -6.208620390765807e-04
9 25 -5.525168117597029e-04
9 26 -4.952101543643846e-04
9 27 -4.466526110464375e-04
9 28 -4.051238930887113e-04
9 29 -3.693102175529135e-04
9 30 -3.381936186597390e-04
9 31 -3.109750288993225e-04
10 10 2.280359758688292e-01
10 272 -2.469583362333547e-04
10 273 -2.658185490703000e-04
10 274 -2.870198139504577e-04
10 275 -3.109750288993222e-04
10 276 -3.381936186597392e-04
10 277 -3.693102175529133e-04
10 278 -4.051238930887112e-04
10 279 -4.466526110464370e-04
10 280 -4.952101543643847e-04
10 281 -5.525168117597027e-04
10 282 -6.208620390765809e-04
10 283 -7.033492055059650e-04
10 284 -8.042738356869151e-04
10 285 -9.297263377348931e-04
10 286 -1.088587062215784e-03
10 259 -1.294238597652440e-03
10 1 -1.567661095276460e-03
10 2 -1.943371691484647e-03
10 3 -2.481696311300902e-03
10 4 -3.296642098261381e-03
10 5 -4.627742817016044e-03
10 6 -7.062023796347374e-03
10 7 -1.245387971996830e-02
10 8 -3.171121722621564e-02
10 9 -3.212690241376343e-02
10 11 -3.212690241361281e-02
10 12 -3.171121722621573e-02
10 13 -1.245387971996836e-02
10 14 -7.062023796347387e-03
10 15 -4.627742817016050e-03
10 16 -3.296642098261380e-03
10 17 -2.481696311300897e-03
10 18 -1.943371691484649e-03
10 19 -1.567661095276463e-03
10 20 -1.294238597652441e-03
10 21 -1.088587062215785e-03
10 22 -9.297263377348933e-04
10 23 -8.042738356869167e-04
10 24 -7.033492055059650e-04
10 25 -6.208620390765812e-04
10 26 -5.525168117597029e-04
10 27 -4.952101543643854e-04
10 28 -4.466526110464373e-04
10 29 -4.051238930887113e-04
10 30 -3.693102175529134e-04
10 31 -3.381936186597394e-04
11 11 2.280359758686147e-01
11 272 -2.301015345676744e-04
11 273 -2.469583362333544e-04
11 274 -2.658185490703000e-04
11 275 -2.870198139504579e-04
11 276 -3.109750288993227e-04
11 277 -3.381936186597394e-04
11 278 -3.693102175529138e-04
11 279 -4.051238930887117e-04
11 280 -4.466526110464376e-04
11 281 -4.952101543643853e-04
11 282 -5.525168117597036e-04
11 283 -6.208620390765819e-04
11 284 -7.033492055059663e-04
11 285 -8.042738356869166e-04
11 286 -9.297263377348949e-04
11 259 -1.088587062215786e-03
11 1 -1.294238597652444e-03
11 2 -1.567661095276463e-03
11 3 -1.943371691484650e-03
11 4 -2.481696311300896e-03
11 5 -3.296642098261381e-03
11 6 -4.627742817016028e-03
11 7 -7.062023796347360e-03
11 8 -1.245387971996831e-02
11 9 -3.171121722621564e-02
11 10 -3.212690241361281e-02
11 12 -3.212690241354178e-02
11 13 -3.171121722621564e-02
11 14 -1.245387971996836e-02
11 15 -7.062023796347405e-03
11 16 -4.627742817016049e-03
11 17 -3.296642098261386e-03
11 18 -2.481696311300899e-03
11 19 -1.943371691484649e-03
11 20 -1.567661095276460e-03
11 21 -1.294238597652439e-03
11 22 -1.088587062215783e-03
11 23 -9.297263377348935e-04
11 24 -8.042738356869140e-04
11 25 -7.033492055059645e-04
11 26 -6.208620390765801e-04
11 27 -5.525168117597029e-04
11 28 -4.952101543643844e-04
11 29 -4.466526110464367e-04
11 30 -4.051238930887108e-04
11 31 -3.693102175529134e-04
12 12 2.280359758685111e-01
12 272 -2.149697865524720e-04
12 273 -2.301015345676742e-04
12 274 -2.469583362333541e-04
12 275 -2.658185490702998e-04
12 276 -2.870198139504579e-04
12 277 -3.109750288993222e-04
12 278 -3.381936186597390e-04
12 279 -3.693102175529133e-04
12 280 -4.051238930887112e-04
12 281 -4.466526110464370e-04
12 282 -4.952101543643847e-04
12 283 -5.525168117597028e-04
12 284 -6.208620390765809e-04
12 285 -7.033492055059650e-04
12 286 -8.042738356869151e-04
12 259 -9.297263377348925e-04
12 1 -1.088587062215784e-03
12 2 -1.294238597652441e-03
12 3 -1.567661095276460e-03
12 4 -1.943371691484649e-03
12 5 -2.481696311300898e-03
12 6 -3.296642098261378e-03
12 7 -4.627742817016046e-03
12 8 -7.062023796347396e-03
12 9 -1.245387971996837e-02
12 10 -3.171121722621573e-02
12 11 -3.212690241354178e-02
12 13 -3.212690241350623e-02
12 14 -3.171121722621566e-02
12 15 -1.245387971996836e-02
12 16 -7.062023796347367e-03
12 17 -4.627742817016046e-03
12 18 -3.296642098261381e-03
12 19 -2.481696311300897e-03
12 20 -1.943371691484651e-03
12 21 -1.567661095276461e-03
12 22 -1.294238597652441e-03
12 23 -1.088587062215787e-03
12 24 -9.297263377348931e-04
12 25 -8.042738356869156e-04
12 26 -7.033492055059651e-04
12 27 -6.208620390765819e-04
12 28 -5.525168117597032e-04
12 29 -4.952101543643848e-04
12 30 -4.466526110464370e-04
12 31 -4.051238930887118e-04
13 13 2.280359758684586e-01
13 272 -2.013318804156475e-04
13 273 -2.149697865524719e-04
13 274 -2.301015345676741e-04
13 275 -2.469583362333542e-04
13 276 -2.658185490703000e-04
13 277 -2.870198139504577e-04
13 278 -3.109750288993223e-04
13 279 -3.381936186597391e-04
13 280 -3.693102175529134e-04
13 281 -4.051238930887113e-04
13 282 -4.466526110464372e-04
13 283 -4.952101543643848e-04
13 284 -5.525168117597029e-04
13 285 -6.208620390765812e-04
13 286 -7.033492055059654e-04
13 259 -8.042738356869152e-04
13 1 -9.297263377348936e-04
13 2 -1.088587062215785e-03
13 3 -1.294238597652441e-03
13 4 -1.567661095276461e-03
13 5 -1.943371691484647e-03
13 6 -2.481696311300892e-03
13 7 -3.296642098261379e-03
13 8 -4.627742817016047e-03
13 9 -7.062023796347383e-03
13 10 -1.245387971996836e-02
13 11 -3.171121722621564e-02
13 12 -3.212690241350623e-02
13 14 -3.212690241348818e-02
13 15 -3.171121722621571e-02
13 16 -1.245387971996828e-02
13 17 -7.062023796347372e-03
13 18 -4.627742817016054e-03
13 19 -3.296642098261387e-03
13 20 -2.481696311300904e-03
13 21 -1.943371691484649e-03
13 22 -1.567661095276461e-03
13 23 -1.294238597652444e-03
13 24 -1.088587062215784e-03
13 25 -9.297263377348936e-04
13 26 -8.042738356869151e-04
13 27 -7.033492055059662e-04
13 28 -6.208620390765812e-04
13 29 -5.525168117597029e-04
13 30 -4.952101543643846e-04
13 31 -4.466526110464375e-04
14 14 2.280359758684316e-01
14 272 -1.889944272727386e-04
14 273 -2.013318804156472e-04
14 274 -2.149697865524717e-04
14 275 -2.301015345676741e-04
14 276 -2.469583362333541e-04
14 277 -2.658185490702999e-04
14 278 -2.870198139504577e-04
14 279 -3.109750288993222e-04
14 280 -3.381936186597390e-04
14 281 -3.693102175529133e-04
14 282 -4.051238930887112e-04
14 283 -4.466526110464370e-04
14 284 -4.952101543643847e-04
14 285 -5.525168117597027e-04
14 286 -6.208620390765809e-04
14 259 -7.033492055059647e-04
14 1 -8.042738356869151e-04
14 2 -9.297263377348933e-04
14 3 -1.088587062215784e-03
14 4 -1.294238597652441e-03
14 5 -1.567661095276461e-03
14 6 -1.943371691484648e-03
14 7 -2.481696311300899e-03
14 8 -3.296642098261386e-03
14 9 -4.627742817016049e-03
14 10 -7.062023796347387e-03
14 11 -1.245387971996836e-02
14 12 -3.171121722621566e-02
14 13 -3.212690241348818e-02
14 15 -3.212690241347868e-02
14 16 -3.171121722621557e-02
14 17 -1.245387971996833e-02
14 18 -7.062023796347394e-03
14 19 -4.627742817016042e-03
14 20 -3.296642098261385e-03
14 21 -2.481696311300896e-03
14 22 -1.943371691484651e-03
14 23 -1.567661095276462e-03
14 24 -1.294238597652441e-03
14 25 -1.088587062215785e-03
14 26 -9.297263377348933e-04
14 27 -8.042738356869167e-04
14 28 -7.033492055059655e-04
14 29 -6.208620390765812e-04
14 30 -5.525168117597029e-04
14 31 -4.952101543643855e-04
15 15 2.280359758684186e-01
15 272 -1.777946291725830e-04
15 273 -1.889944272727383e-04
15 274 -2.013318804156471e-04
15 275 -2.149697865524717e-04
15 276 -2.301015345676741e-04
15 277 -2.469583362333546e-04
15 278 -2.658185490703002e-04
15 279 -2.870198139504579e-04
15 280 -3.109750288993225e-04
15 281 -3.381936186597394e-04
15 282 -3.693102175529138e-04
15 283 -4.051238930887117e-04
15 284 -4.466526110464376e-04
15 285 -4.952101543643853e-04
15 286 -5.525168117597036e-04
15 259 -6.208620390765816e-04
15 1 -7.033492055059662e-04
15 2 -8.042738356869167e-04
15 3 -9.297263377348942e-04
15 4 -1.088587062215787e-03
15 5 -1.294238597652444e-03
15 6 -1.567661095276463e-03
15 7 -1.943371691484649e-03
15 8 -2.481696311300901e-03
15 9 -3.296642098261385e-03
15 10 -4.627742817016050e-03
15 11 -7.062023796347405e-03
15 12 -1.245387971996836e-02
15 13 -3.171121722621571e-02
15 14 -3.212690241347868e-02
15 16 -3.212690241347479e-02
15 17 -3.171121722621568e-02
15 18 -1.245387971996837e-02
15 19 -7.062023796347388e-03
15 20 -4.627742817016051e-03
15 21 -3.296642098261380e-03
15 22 -2.481696311300899e-03
15 23 -1.943371691484644e-03
15 24 -1.567661095276459e-03
15 25 -1.294238597652439e-03
15 26 -1.088587062215783e-03
15 27 -9.297263377348935e-04
15 28 -8.042738356869146e-04
15 29 -7.033492055059645e-04
15 30 -6.208620390765801e-04
15 31 -5.525168117597029e-04
16 16 2.280359758684148e-01
16 1 -6.208620390765807e-04
16 2 -7.033492055059650e-04
16 3 -8.042738356869145e-04
16 4 -9.297263377348931e-04
16 5 -1.088587062215784e-03
16 6 -1.294238597652441e-03
16 7 -1.567661095276459e-03
16 8 -1.943371691484650e-03
16 9 -2.481696311300899e-03
16 10 -3.296642098261380e-03
16 11 -4.627742817016049e-03
16 12 -7.062023796347367e-03
16 13 -1.245387971996828e-02
16 14 -3.171121722621557e-02
16 15 -3.212690241347479e-02
16 17 -3.212690241347493e-02
16 18 -3.171121722621576e-02
16 19 -1.245387971996840e-02
16 20 -7.062023796347406e-03
16 21 -4.627742817016056e-03
16 22 -3.296642098261385e-03
16 23 -2.481696311300892e-03
16 24 -1.943371691484650e-03
16 25 -1.567661095276461e-03
16 26 -1.294238597652441e-03
16 27 -1.088587062215787e-03
16 28 -9.297263377348939e-04
16 29 -8.042738356869156e-04
16 30 -7.033492055059651e-04
16 31 -6.208620390765819e-04
16 32 -5.525168117597034e-04
16 33 -4.952101543643848e-04
16 34 -4.466526110464370e-04
16 35 -4.051238930887113e-04
16 36 -3.693102175529137e-04
16 37 -3.381936186597391e-04
16 38 -3.109750288993223e-04
16 39 -2.870198139504578e-04
16 40 -2.658185490703000e-04
16 41 -2.469583362333543e-04
16 42 -2.301015345676743e-04
16 43 -2.149697865524719e-04
16 44 -2.013318804156473e-04
16 45 -1.889944272727384e-04
16 46 -1.777946291725829e-04
16 47 -1.675946170023975e-04
17 17 2.280359758684188e-01
17 1 -5.525168117597029e-04
17 2 -6.208620390765812e-04
17 3 -7.033492055059649e-04
17 4 -8.042738356869157e-04
17 5 -9.297263377348936e-04
17 6 -1.088587062215785e-03
17 7 -1.294238597652439e-03
17 8 -1.567661095276461e-03
17 9 -1.943371691484649e-03
17 10 -2.481696311300897e-03
17 11 -3.296642098261386e-03
17 12 -4.627742817016046e-03
17 13 -7.062023796347372e-03
17 14 -1.245387971996833e-02
17 15 -3.171121722621568e-02
17 16 -3.212690241347493e-02
17 18 -3.212690241347876e-02
17 19 -3.171121722621569e-02
17 20 -1.245387971996839e-02
17 21 -7.062023796347417e-03
17 22 -4.627742817016042e-03
17 23 -3.296642098261372e-03
17 24 -2.481696311300898e-03
17 25 -1.943371691484646e-03
17 26 -1.567661095276460e-03
17 27 -1.294238597652444e-03
17 28 -1.088587062215785e-03
17 29 -9.297263377348936e-04
17 30 -8.042738356869151e-04
17 31 -7.033492055059662e-04
17 32 -6.208620390765815e-04
17 33 -5.525168117597029e-04
17 34 -4.952101543643846e-04
17 35 -4.466526110464370e-04
17 36 -4.051238930887115e-04
17 37 -3.693102175529135e-04
17 38 -3.381936186597390e-04
17 39 -3.109750288993223e-04
17 40 -2.870198139504579e-04
17 41 -2.658185490703000e-04
17 42 -2.469583362333542e-04
17 43 -2.301015345676742e-04
17 44 -2.149697865524718e-04
17 45 -2.013318804156473e-04
17 46 -1.889944272727383e-04
17 47 -1.777946291725827e-04
18 18 2.280359758684316e-01
18 1 -4.952101543643846e-04
18 2 -5.525168117597029e-04
18 3 -6.208620390765805e-04
18 4 -7.033492055059651e-04
18 5 -8.042738356869151e-04
18 6 -9.297263377348933e-04
18 7 -1.088587062215783e-03
18 8 -1.294238597652441e-03
18 9 -1.567661095276461e-03
18 10 -1.943371691484649e-03
18 11 -2.481696311300899e-03
18 12 -3.296642098261381e-03
18 13 -4.627742817016054e-03
18 14 -7.062023796347394e-03
18 15 -1.245387971996837e-02
18 16 -3.171121722621576e-02
18 17 -3.212690241347876e-02
18 19 -3.212690241348805e-02
18 20 -3.171121722621563e-02
18 21 -1.245387971996831e-02
18 22 -7.062023796347376e-03
18 23 -4.627742817016035e-03
18 24 -3.296642098261386e-03
18 25 -2.481696311300898e-03
18 26 -1.943371691484652e-03
18 27 -1.567661095276463e-03
18 28 -1.294238597652442e-03
18 29 -1.088587062215785e-03
18 30 -9.297263377348933e-04
18 31 -8.042738356869167e-04
18 32 -7.033492055059658e-04
18 33 -6.208620390765812e-04
18 34 -5.525168117597029e-04
18 35 -4.952101543643849e-04
18 36 -4.466526110464375e-04
18 37 -4.051238930887113e-04
18 38 -3.693102175529134e-04
18 39 -3.381936186597391e-04
18 40 -3.109750288993225e-04
18 41 -2.870198139504578e-04
18 42 -2.658185490702999e-04
18 43 -2.469583362333544e-04
18 44 -2.301015345676744e-04
18 45 -2.149697865524721e-04
18 46 -2.013318804156475e-04
18 47 -1.889944272727384e-04
19 19 2.280359758684587e-01
19 1 -4.466526110464375e-04
19 2 -4.952101543643854e-04
19 3 -5.525168117597032e-04
19 4 -6.208620390765819e-04
19 5 -7.033492055059662e-04
19 6 -8.042738356869167e-04
19 7 -9.297263377348935e-04
19 8 -1.088587062215787e-03
19 9 -1.294238597652444e-03
19 10 -1.567661095276463e-03
19 11 -1.943371691484649e-03
19 12 -2.481696311300897e-03
19 13 -3.296642098261387e-03
19 14 -4.627742817016042e-03
19 15 -7.062023796347388e-03
19 16 -1.245387971996840e-02
19 17 -3.171121722621569e-02
19 18 -3.212690241348805e-02
19 20 -3.212690241350629e-02
19 21 -3.171121722621567e-02
19 22 -1.245387971996836e-02
19 23 -7.062023796347375e-03
19 24 -4.627742817016049e-03
19 25 -3.296642098261378e-03
19 26 -2.481696311300899e-03
19 27 -1.943371691484646e-03
19 28 -1.567661095276459e-03
19 29 -1.294238597652440e-03
19 30 -1.088587062215783e-03
19 31 -9.297263377348937e-04
19 32 -8.042738356869151e-04
19 33 -7.033492055059645e-04
19 34 -6.208620390765801e-04
19 35 -5.525168117597024e-04
19 36 -4.952101543643846e-04
19 37 -4.466526110464367e-04
19 38 -4.051238930887108e-04
19 39 -3.693102175529132e-04
19 40 -3.381936186597390e-04
19 41 -3.109750288993221e-04
19 42 -2.870198139504574e-04
19 43 -2.658185490702999e-04
19 44 -2.469583362333544e-04
19 45 -2.301015345676745e-04
19 46 -2.149697865524721e-04
19 47 -2.013318804156473e-04
20 20 2.280359758685112e-01
20 1 -4.051238930887112e-04
20 2 -4.466526110464371e-04
20 3 -4.952101543643844e-04
20 4 -5.525168117597029e-04
20 5 -6.208620390765807e-04
20 6 -7.033492055059650e-04
20 7 -8.042738356869140e-04
20 8 -9.297263377348931e-04
20 9 -1.088587062215784e-03
20 10 -1.294238597652441e-03
20 11 -1.567661095276460e-03
20 12 -1.943371691484651e-03
20 13 -2.481696311300904e-03
20 14 -3.296642098261385e-03
20 15 -4.627742817016051e-03
20 16 -7.062023796347406e-03
20 17 -1.245387971996839e-02
20 18 -3.171121722621563e-02
20 19 -3.212690241350629e-02
20 21 -3.212690241354180e-02
20 22 -3.171121722621571e-02
20 23 -1.245387971996836e-02
20 24 -7.062023796347393e-03
20 25 -4.627742817016044e-03
20 26 -3.296642098261380e-03
20 27 -2.481696311300893e-03
20 28 -1.943371691484648e-03
20 29 -1.567661095276461e-03
20 30 -1.294238597652441e-03
20 31 -1.088587062215787e-03
20 32 -9.297263377348944e-04
20 33 -8.042738356869156e-04
20 34 -7.033492055059650e-04
20 35 -6.208620390765812e-04
20 36 -5.525168117597034e-04
20 37 -4.952101543643848e-04
20 38 -4.466526110464370e-04
20 39 -4.051238930887113e-04
20 40 -3.693102175529137e-04
20 41 -3.381936186597391e-04
20 42 -3.109750288993223e-04
20 43 -2.870198139504578e-04
20 44 -2.658185490703000e-04
20 45 -2.469583362333544e-04
20 46 -2.301015345676744e-04
20 47 -2.149697865524718e-04
21 21 2.280359758686147e-01
21 1 -3.693102175529135e-04
21 2 -4.051238930887113e-04
21 3 -4.466526110464369e-04
21 4 -4.952101543643848e-04
21 5 -5.525168117597029e-04
21 6 -6.208620390765812e-04
21 7 -7.033492055059645e-04
21 8 -8.042738356869156e-04
21 9 -9.297263377348936e-04
21 10 -1.088587062215785e-03
21 11 -1.294238597652439e-03
21 12 -1.567661095276461e-03
21 13 -1.943371691484649e-03
21 14 -2.481696311300896e-03
21 15 -3.296642098261380e-03
21 16 -4.627742817016056e-03
21 17 -7.062023796347417e-03
21 18 -1.245387971996831e-02
21 19 -3.171121722621567e-02
21 20 -3.212690241354180e-02
21 22 -3.212690241361276e-02
21 23 -3.171121722621564e-02
21 24 -1.245387971996836e-02
21 25 -7.062023796347394e-03
21 26 -4.627742817016041e-03
21 27 -3.296642098261378e-03
21 28 -2.481696311300894e-03
21 29 -1.943371691484646e-03
21 30 -1.567661095276460e-03
21 31 -1.294238597652444e-03
21 32 -1.088587062215786e-03
21 33 -9.297263377348936e-04
21 34 -8.042738356869151e-04
21 35 -7.033492055059652e-04
21 36 -6.208620390765815e-04
21 37 -5.525168117597029e-04
21 38 -4.952101543643846e-04
21 39 -4.466526110464370e-04
21 40 -4.051238930887115e-04
21 41 -3.693102175529135e-04
21 42 -3.381936186597390e-04
21 43 -3.109750288993223e-04
21 44 -2.870198139504579e-04
21 45 -2.658185490703000e-04
21 46 -2.469583362333544e-04
21 47 -2.301015345676742e-04
22 22 2.280359758688292e-01
22 1 -3.381936186597390e-04
22 2 -3.693102175529134e-04
22 3 -4.051238930887110e-04
22 4 -4.466526110464370e-04
22 5 -4.952101543643846e-04
22 6 -5.525168117597029e-04
22 7 -6.208620390765801e-04
22 8 -7.033492055059651e-04
22 9 -8.042738356869151e-04
22 10 -9.297263377348933e-04
22 11 -1.088587062215783e-03
22 12 -1.294238597652441e-03
22 13 -1.567661095276461e-03
22 14 -1.943371691484651e-03
22 15 -2.481696311300899e-03
22 16 -3.296642098261385e-03
22 17 -4.627742817016042e-03
22 18 -7.062023796347376e-03
22 19 -1.245387971996836e-02
22 20 -3.171121722621571e-02
22 21 -3.212690241361276e-02
22 23 -3.212690241376340e-02
22 24 -3.171121722621574e-02
22 25 -1.245387971996839e-02
22 26 -7.062023796347378e-03
22 27 -4.627742817016040e-03
22 28 -3.296642098261375e-03
22 29 -2.481696311300893e-03
22 30 -1.943371691484650e-03
22 31 -1.567661095276463e-03
22 32 -1.294238597652443e-03
22 33 -1.088587062215785e-03
22 34 -9.297263377348931e-04
22 35 -8.042738356869156e-04
22 36 -7.033492055059658e-04
22 37 -6.208620390765812e-04
22 38 -5.525168117597029e-04
22 39 -4.952101543643849e-04
22 40 -4.466526110464375e-04
22 41 -4.051238930887113e-04
22 42 -3.693102175529134e-04
22 43 -3.381936186597391e-04
22 44 -3.109750288993225e-04
22 45 -2.870198139504578e-04
22 46 -2.658185490702999e-04
22 47 -2.469583362333543e-04
23 23 2.280359758693061e-01
23 1 -3.109750288993225e-04
23 2 -3.381936186597394e-04
23 3 -3.693102175529136e-04
23 4 -4.051238930887118e-04
23 5 -4.466526110464375e-04
23 6 -4.952101543643854e-04
23 7 -5.525168117597029e-04
23 8 -6.208620390765819e-04
23 9 -7.033492055059662e-04
23 10 -8.042738356869167e-04
23 11 -9.297263377348935e-04
23 12 -1.088587062215787e-03
23 13 -1.294238597652444e-03
23 14 -1.567661095276462e-03
23 15 -1.943371691484644e-03
23 16 -2.481696311300892e-03
23 17 -3.296642098261372e-03
23 18 -4.627742817016035e-03
23 19 -7.062023796347375e-03
23 20 -1.245387971996836e-02
23 21 -3.171121722621564e-02
23 22 -3.212690241376340e-02
23 24 -3.212690241410942e-02
23 25 -3.171121722621568e-02
23 26 -1.245387971996833e-02
23 27 -7.062023796347404e-03
23 28 -4.627742817016054e-03
23 29 -3.296642098261385e-03
23 30 -2.481696311300902e-03
23 31 -1.943371691484648e-03
23 32 -1.567661095276461e-03
23 33 -1.294238597652440e-03
23 34 -1.088587062215783e-03
23 35 -9.297263377348922e-04
23 36 -8.042738356869149e-04
23 37 -7.033492055059645e-04
23 38 -6.208620390765801e-04
23 39 -5.525168117597024e-04
23 40 -4.952101543643846e-04
23 41 -4.466526110464367e-04
23 42 -4.051238930887108e-04
23 43 -3.693102175529132e-04
23 44 -3.381936186597390e-04
23 45 -3.109750288993221e-04
23 46 -2.870198139504574e-04
23 47 -2.658185490702998e-04
24 24 2.280359758697021e-01
24 1 -2.870198139504577e-04
24 2 -3.109750288993222e-04
24 3 -3.381936186597389e-04
24 4 -3.693102175529134e-04
24 5 -4.051238930887112e-04
24 6 -4.466526110464371e-04
24 7 -4.952101543643842e-04
24 8 -5.525168117597029e-04
24 9 -6.208620390765807e-04
24 10 -7.033492055059650e-04
24 11 -8.042738356869140e-04
24 12 -9.297263377348931e-04
24 13 -1.088587062215784e-03
24 14 -1.294238597652441e-03
24 15 -1.567661095276459e-03
24 16 -1.943371691484650e-03
24 17 -2.481696311300898e-03
24 18 -3.296642098261386e-03
24 19 -4.627742817016049e-03
24 20 -7.062023796347393e-03
24 21 -1.245387971996836e-02
24 22 -3.171121722621574e-02
24 23 -3.212690241410942e-02
24 25 -3.212690241411015e-02
24 26 -3.171121722621560e-02
24 27 -1.245387971996833e-02
24 28 -7.062023796347371e-03
24 29 -4.627742817016028e-03
24 30 -3.296642098261380e-03
24 31 -2.481696311300893e-03
24 32 -1.943371691484650e-03
24 33 -1.567661095276460e-03
24 34 -1.294238597652441e-03
24 35 -1.088587062215785e-03
24 36 -9.297263377348944e-04
24 37 -8.042738356869156e-04
24 38 -7.033492055059650e-04
24 39 -6.208620390765812e-04
24 40 -5.525168117597034e-04
24 41 -4.952101543643848e-04
24 42 -4.466526110464370e-04
24 43 -4.051238930887113e-04
24 44 -3.693102175529137e-04
24 45 -3.381936186597391e-04
24 46 -3.109750288993223e-04
24 47 -2.870198139504578e-04
25 25 2.280359758687986e-01
25 1 -2.658185490702999e-04
25 2 -2.870198139504578e-04
25 3 -3.109750288993222e-04
25 4 -3.381936186597391e-04
25 5 -3.693102175529135e-04
25 6 -4.051238930887113e-04
25 7 -4.466526110464367e-04
25 8 -4.952101543643848e-04
25 9 -5.525168117597029e-04
25 10 -6.208620390765812e-04
25 11 -7.033492055059645e-04
25 12 -8.042738356869156e-04
25 13 -9.297263377348936e-04
25 14 -1.088587062215785e-03
25 15 -1.294238597652439e-03
25 16 -1.567661095276461e-03
25 17 -1.943371691484646e-03
25 18 -2.481696311300898e-03
25 19 -3.296642098261378e-03
25 20 -4.627742817016044e-03
25 21 -7.062023796347394e-03
25 22 -1.245387971996839e-02
25 23 -3.171121722621568e-02
25 24 -3.212690241411015e-02
25 26 -3.212690241324831e-02
25 27 -3.171121722621571e-02
25 28 -1.245387971996837e-02
25 29 -7.062023796347364e-03
25 30 -4.627742817016035e-03
25 31 -3.296642098261378e-03
25 32 -2.481696311300898e-03
25 33 -1.943371691484644e-03
25 34 -1.567661095276460e-03
25 35 -1.294238597652442e-03
25 36 -1.088587062215786e-03
25 37 -9.297263377348936e-04
25 38 -8.042738356869151e-04
25 39 -7.033492055059652e-04
25 40 -6.208620390765815e-04
25 41 -5.525168117597029e-04
25 42 -4.952101543643846e-04
25 43 -4.466526110464370e-04
25 44 -4.051238930887115e-04
25 45 -3.693102175529135e-04
25 46 -3.381936186597390e-04
25 47 -3.109750288993223e-04
26 26 2.280359758672704e-01
26 1 -2.469583362333542e-04
26 2 -2.658185490702999e-04
26 3 -2.870198139504576e-04
26 4 -3.109750288993223e-04
26 5 -3.381936186597390e-04
26 6 -3.693102175529134e-04
26 7 -4.051238930887108e-04
26 8 -4.466526110464370e-04
26 9 -4.952101543643846e-04
26 10 -5.525168117597029e-04
26 11 -6.208620390765801e-04
26 12 -7.033492055059651e-04
26 13 -8.042738356869151e-04
26 14 -9.297263377348933e-04
26 15 -1.088587062215783e-03
26 16 -1.294238597652441e-03
26 17 -1.567661095276460e-03
26 18 -1.943371691484652e-03
26 19 -2.481696311300899e-03
26 20 -3.296642098261380e-03
26 21 -4.627742817016041e-03
26 22 -7.062023796347378e-03
26 23 -1.245387971996833e-02
26 24 -3.171121722621560e-02
26 25 -3.212690241324831e-02
26 27 -3.212690241257805e-02
26 28 -3.171121722621568e-02
26 29 -1.245387971996836e-02
26 30 -7.062023796347384e-03
26 31 -4.627742817016047e-03
26 32 -3.296642098261380e-03
26 33 -2.481696311300889e-03
26 34 -1.943371691484649e-03
26 35 -1.567661095276461e-03
26 36 -1.294238597652443e-03
26 37 -1.088587062215785e-03
26 38 -9.297263377348931e-04
26 39 -8.042738356869156e-04
26 40 -7.033492055059658e-04
26 41 -6.208620390765812e-04
26 42 -5.525168117597029e-04
26 43 -4.952101543643849e-04
26 44 -4.466526110464375e-04
26 45 -4.051238930887113e-04
26 46 -3.693102175529134e-04
26 47 -3.381936186597391e-04
27 27 2.280359758661542e-01
27 1 -2.301015345676743e-04
27 2 -2.469583362333544e-04
27 3 -2.658185490703001e-04
27 4 -2.870198139504580e-04
27 5 -3.109750288993225e-04
27 6 -3.381936186597394e-04
27 7 -3.693102175529134e-04
27 8 -4.051238930887118e-04
27 9 -4.466526110464375e-04
27 10 -4.952101543643854e-04
27 11 -5.525168117597029e-04
27 12 -6.208620390765819e-04
27 13 -7.033492055059662e-04
27 14 -8.042738356869167e-04
27 15 -9.297263377348935e-04
27 16 -1.088587062215787e-03
27 17 -1.294238597652444e-03
27 18 -1.567661095276463e-03
27 19 -1.943371691484646e-03
27 20 -2.481696311300893e-03
27 21 -3.296642098261378e-03
27 22 -4.627742817016040e-03
27 23 -7.062023796347404e-03
27 24 -1.245387971996833e-02
27 25 -3.171121722621571e-02
27 26 -3.212690241257805e-02
27 28 -3.212690241214601e-02
27 29 -3.171121722621563e-02
27 30 -1.245387971996829e-02
27 31 -7.062023796347401e-03
27 32 -4.627742817016047e-03
27 33 -3.296642098261372e-03
27 34 -2.481696311300898e-03
27 35 -1.943371691484645e-03
27 36 -1.567661095276460e-03
27 37 -1.294238597652440e-03
27 38 -1.088587062215783e-03
27 39 -9.297263377348922e-04
27 40 -8.042738356869149e-04
27 41 -7.033492055059645e-04
27 42 -6.208620390765801e-04
27 43 -5.525168117597024e-04
27 44 -4.952101543643846e-04
27 45 -4.466526110464367e-04
27 46 -4.051238930887108e-04
27 47 -3.693102175529132e-04
28 28 2.280359758653174e-01
28 1 -2.149697865524719e-04
28 2 -2.301015345676743e-04
28 3 -2.469583362333543e-04
28 4 -2.658185490703000e-04
28 5 -2.870198139504578e-04
28 6 -3.109750288993223e-04
28 7 -3.381936186597389e-04
28 8 -3.693102175529135e-04
28 9 -4.051238930887113e-04
28 10 -4.466526110464373e-04
28 11 -4.952101543643844e-04
28 12 -5.525168117597032e-04
28 13 -6.208620390765812e-04
28 14 -7.033492055059655e-04
28 15 -8.042738356869146e-04
28 16 -9.297263377348939e-04
28 17 -1.088587062215785e-03
28 18 -1.294238597652442e-03
28 19 -1.567661095276459e-03
28 20 -1.943371691484648e-03
28 21 -2.481696311300894e-03
28 22 -3.296642098261375e-03
28 23 -4.627742817016054e-03
28 24 -7.062023796347371e-03
28 25 -1.245387971996837e-02
28 26 -3.171121722621568e-02
28 27 -3.212690241214601e-02
28 29 -3.212690241170373e-02
28 30 -3.171121722621558e-02
28 31 -1.245387971996836e-02
28 32 -7.062023796347388e-03
28 33 -4.627742817016034e-03
28 34 -3.296642098261386e-03
28 35 -2.481696311300898e-03
28 36 -1.943371691484652e-03
28 37 -1.567661095276460e-03
28 38 -1.294238597652440e-03
28 39 -1.088587062215784e-03
28 40 -9.297263377348938e-04
28 41 -8.042738356869152e-04
28 42 -7.033492055059647e-04
28 43 -6.208620390765810e-04
28 44 -5.525168117597032e-04
28 45 -4.952101543643846e-04
28 46 -4.466526110464368e-04
28 47 -4.051238930887112e-04
29 29 2.280359758645163e-01
29 1 -2.013318804156473e-04
29 2 -2.149697865524719e-04
29 3 -2.301015345676742e-04
29 4 -2.469583362333544e-04
29 5 -2.658185490703000e-04
29 6 -2.870198139504578e-04
29 7 -3.109750288993221e-04
29 8 -3.381936186597391e-04
29 9 -3.693102175529135e-04
29 10 -4.051238930887113e-04
29 11 -4.466526110464367e-04
29 12 -4.952101543643848e-04
29 13 -5.525168117597029e-04
29 14 -6.208620390765812e-04
29 15 -7.033492055059645e-04
29 16 -8.042738356869156e-04
29 17 -9.297263377348936e-04
29 18 -1.088587062215785e-03
29 19 -1.294238597652440e-03
29 20 -1.567661095276461e-03
29 21 -1.943371691484646e-03
29 22 -2.481696311300893e-03
29 23 -3.296642098261385e-03
29 24 -4.627742817016028e-03
29 25 -7.062023796347364e-03
29 26 -1.245387971996836e-02
29 27 -3.171121722621563e-02
29 28 -3.212690241170373e-02
29 30 -3.212690241134042e-02
29 31 -3.171121722621568e-02
29 32 -1.245387971996839e-02
29 33 -7.062023796347391e-03
29 34 -4.627742817016052e-03
29 35 -3.296642098261378e-03
29 36 -2.481696311300899e-03
29 37 -1.943371691484644e-03
29 38 -1.567661095276460e-03
29 39 -1.294238597652442e-03
29 40 -1.088587062215786e-03
29 41 -9.297263377348936e-04
29 42 -8.042738356869151e-04
29 43 -7.033492055059652e-04
29 44 -6.208620390765814e-04
29 45 -5.525168117597029e-04
29 46 -4.952101543643846e-04
29 47 -4.466526110464370e-04
30 30 2.280359758638892e-01
30 1 -1.889944272727384e-04
30 2 -2.013318804156473e-04
30 3 -2.149697865524718e-04
30 4 -2.301015345676744e-04
30 5 -2.469583362333544e-04
30 6 -2.658185490702999e-04
30 7 -2.870198139504574e-04
30 8 -3.109750288993223e-04
30 9 -3.381936186597390e-04
30 10 -3.693102175529134e-04
30 11 -4.051238930887108e-04
30 12 -4.466526110464370e-04
30 13 -4.952101543643846e-04
30 14 -5.525168117597029e-04
30 15 -6.208620390765801e-04
30 16 -7.033492055059651e-04
30 17 -8.042738356869151e-04
30 18 -9.297263377348933e-04
30 19 -1.088587062215783e-03
30 20 -1.294238597652441e-03
30 21 -1.567661095276460e-03
30 22 -1.943371691484650e-03
30 23 -2.481696311300902e-03
30 24 -3.296642098261380e-03
30 25 -4.627742817016035e-03
30 26 -7.062023796347384e-03
30 27 -1.245387971996829e-02
30 28 -3.171121722621558e-02
30 29 -3.212690241134042e-02
