%%MatrixMarket matrix coordinate real general
%
567 657 6480
1 640 -2.992844083956920e-01
1 641 -2.784041756635713e-01
1 642 -2.443421480577039e-01
1 643 -2.070306052551611e-01
1 644 -1.736231192252769e-01
1 645 -1.473019223163278e-01
1 646 -1.285525404370142e-01
1 647 -1.167311542384018e-01
1 648 -1.110548111910629e-01
1 622 -1.100051038121313e-01
1 623 -1.046374463419050e-01
1 624 -9.549846076362120e-02
1 625 -8.486273810932618e-02
1 626 -7.467988778600167e-02
1 627 -6.612887321492109e-02
1 628 -5.970088625331768e-02
1 629 -5.548228201957704e-02
1 630 -5.340630902538861e-02
2 640 -3.230999564816174e-01
2 641 -2.998928749360527e-01
2 642 -2.621941673709346e-01
2 643 -2.211408764036815e-01
2 644 -1.846169609530274e-01
2 645 -1.560111943813696e-01
2 646 -1.357348157435231e-01
2 647 -1.229969332929890e-01
2 648 -1.168939288302422e-01
2 622 -1.157663029319370e-01
2 623 -1.100051038121313e-01
2 624 -1.002154383328342e-01
2 625 -8.885470684491560e-02
2 626 -7.801232964000730e-02
2 627 -6.893551471167872e-02
2 628 -6.213029101007148e-02
2 629 -5.767300985585857e-02
2 630 -5.548228201957706e-02
3 640 -3.756028413127003e-01
3 641 -3.470404038579642e-01
3 642 -3.010411128308853e-01
3 643 -2.515458891788579e-01
3 644 -2.080786627366744e-01
3 645 -1.744421171738183e-01
3 646 -1.508355547779520e-01
3 647 -1.361130240465254e-01
3 648 -1.290900459250297e-01
3 622 -1.277946957610982e-01
3 623 -1.211877653216773e-01
3 624 -1.100051038121313e-01
3 625 -9.710072598691342e-02
3 626 -8.486273810932622e-02
3 627 -7.467988778600167e-02
3 628 -6.708516954426998e-02
3 629 -6.213029101007148e-02
3 630 -5.970088625331768e-02
4 640 -4.672636720216669e-01
4 641 -4.286783313749845e-01
4 642 -3.673640606965130e-01
4 643 -3.025978848287864e-01
4 644 -2.468350331114173e-01
4 645 -2.044631320927147e-01
4 646 -1.751668082190100e-01
4 647 -1.570931389692422e-01
4 648 -1.485277496810045e-01
4 622 -1.469519841444519e-01
4 623 -1.389349188189748e-01
4 624 -1.254442151689981e-01
4 625 -1.100051038121313e-01
4 626 -9.549846076362120e-02
4 627 -8.353506583665568e-02
4 628 -7.467988778600169e-02
4 629 -6.893551471167872e-02
4 630 -6.612887321492109e-02
5 640 -6.145245599463695e-01
5 641 -5.582851580933073e-01
5 642 -4.705439871050299e-01
5 643 -3.801601250586200e-01
5 644 -3.043819104154898e-01
5 645 -2.481760007513840e-01
5 646 -2.100685590954421e-01
5 647 -1.868888175024188e-01
5 648 -1.759960283995430e-01
5 622 -1.739987527294830e-01
5 623 -1.638698346426136e-01
5 624 -1.469519841444519e-01
5 625 -1.277946957610982e-01
5 626 -1.100051038121313e-01
5 627 -9.549846076362120e-02
5 628 -8.486273810932622e-02
5 629 -7.801232964000730e-02
5 630 -7.467988778600167e-02
6 640 -8.359441660258553e-01
6 641 -7.501550906575448e-01
6 642 -6.193410486741217e-01
6 643 -4.886856442819614e-01
6 644 -3.826166045247590e-01
6 645 -3.061806961055650e-01
6 646 -2.555394231644522e-01
6 647 -2.252387302167265e-01
6 648 -2.111382324896973e-01
6 622 -2.085627032210861e-01
6 623 -1.955494711773304e-01
6 624 -1.739987527294830e-01
6 625 -1.498878915593216e-01
6 626 -1.277946957610982e-01
6 627 -1.100051038121313e-01
6 628 -9.710072598691342e-02
6 629 -8.885470684491560e-02
6 630 -8.486273810932622e-02
7 640 -1.135123338489112e+00
7 641 -1.004713596064845e+00
7 642 -8.108386066354615e-01
7 643 -6.236203833743391e-01
7 644 -4.767967675189977e-01
7 645 -3.741626070873326e-01
7 646 -3.077748435060869e-01
7 647 -2.687185379791862e-01
7 648 -2.507239310434947e-01
7 622 -2.474499021457049e-01
7 623 -2.309691196185611e-01
7 624 -2.039094515112380e-01
7 625 -1.739987527294829e-01
7 626 -1.469519841444519e-01
7 627 -1.254442151689981e-01
7 628 -1.100051038121313e-01
7 629 -1.002154383328341e-01
7 630 -9.549846076362120e-02
8 640 -1.463415380156267e+00
8 641 -1.278934628681593e+00
8 642 -1.010963340349033e+00
8 643 -7.599464183753727e-01
8 644 -5.690319949469107e-01
8 645 -4.390705354952325e-01
8 646 -3.567207838293335e-01
8 647 -3.089655857696266e-01
8 648 -2.871475272684285e-01
8 622 -2.831908226018099e-01
8 623 -2.633358407267049e-01
8 624 -2.309691196185611e-01
8 625 -1.955494711773304e-01
8 626 -1.638698346426136e-01
8 627 -1.389349188189748e-01
8 628 -1.211877653216774e-01
8 629 -1.100051038121313e-01
8 630 -1.046374463419050e-01
9 640 -1.694275558790076e+00
9 641 -1.469035967809051e+00
9 642 -1.146512666404210e+00
9 643 -8.499569098942422e-01
9 644 -6.285371325283781e-01
9 645 -4.801712924960365e-01
9 646 -3.872937655770767e-01
9 647 -3.338841102574388e-01
9 648 -3.096017965754558e-01
9 622 -3.052065528214750e-01
9 623 -2.831908226018098e-01
9 624 -2.474499021457049e-01
9 625 -2.085627032210859e-01
9 626 -1.739987527294830e-01
9 627 -1.469519841444519e-01
9 628 -1.277946957610982e-01
9 629 -1.157663029319369e-01
9 630 -1.100051038121313e-01
10 568 -1.644342778005803e+00
10 569 -1.530460639972326e+00
10 570 -1.344490202730412e+00
10 571 -1.140481055189936e+00
10 572 -9.575281760598775e-01
10 573 -8.131687002980710e-01
10 574 -7.102102624343334e-01
10 575 -6.452366444061702e-01
10 576 -6.140207364140339e-01
10 649 -6.102914031034491e-01
10 650 -5.811748105755049e-01
10 651 -5.314912593333727e-01
10 652 -4.734872018403281e-01
10 653 -4.177542660438417e-01
10 654 -3.707903953232084e-01
10 655 -3.353814708089922e-01
10 656 -3.120908012323121e-01
10 657 -3.006135624654002e-01
11 568 -1.773591410577708e+00
11 569 -1.647174411820930e+00
11 570 -1.441585763349458e+00
11 571 -1.217352409030446e+00
11 572 -1.017519568831410e+00
11 573 -8.607614025563249e-01
11 574 -7.495021352286859e-01
11 575 -6.795403927639962e-01
11 576 -6.460006404108097e-01
11 649 -6.419969254756941e-01
11 650 -6.107624022478414e-01
11 651 -5.575670143295032e-01
11 652 -4.956337964169897e-01
11 653 -4.363099382076518e-01
11 654 -3.864703245311472e-01
11 655 -3.489901956949267e-01
11 656 -3.243852459212291e-01
11 657 -3.122749658212496e-01
12 568 -2.057974810081532e+00
12 569 -1.902778836620769e+00
12 570 -1.652514643383931e+00
12 571 -1.382746697672135e+00
12 572 -1.145374895040494e+00
12 573 -9.613586331099748e-01
12 574 -8.320230790373023e-01
12 575 -7.512744490628369e-01
12 576 -7.127305103028644e-01
12 649 -7.081368713371494e-01
12 650 -6.723556110573594e-01
12 651 -6.116489690200335e-01
12 652 -5.413565030833081e-01
12 653 -4.744386279426459e-01
12 654 -4.185526337047247e-01
12 655 -3.767393341022741e-01
12 656 -3.493950887005078e-01
12 657 -3.359684457161008e-01
13 568 -2.552798815695125e+00
13 569 -2.343967518866169e+00
13 570 -2.011596573989667e+00
13 571 -1.659747921058695e+00
13 572 -1.356105684336031e+00
13 573 -1.124888543117206e+00
13 574 -9.647448310727628e-01
13 575 -8.658234643178779e-01
13 576 -8.189076435271916e-01
13 649 -8.133296473453935e-01
13 650 -7.699804164516977e-01
13 651 -6.968475166201444e-01
13 652 -6.128462886351560e-01
13 653 -5.335962271689055e-01
13 654 -4.679839103671571e-01
13 655 -4.192564726842144e-01
13 656 -3.875679193959469e-01
13 657 -3.720614651469357e-01
14 568 -3.343922660373236e+00
14 569 -3.041193528541188e+00
14 570 -2.567936015471096e+00
14 571 -2.079078554633978e+00
14 572 -1.668027276603825e+00
14 573 -1.362343476303895e+00
14 574 -1.154652170381343e+00
14 575 -1.028127184362384e+00
14 576 -9.686157984339195e-01
14 649 -9.615620906870542e-01
14 650 -9.069054426373683e-01
14 651 -8.153594990564966e-01
14 652 -7.112836146654744e-01
14 653 -6.142118212823743e-01
14 654 -5.347210167141396e-01
14 655 -4.762339795880124e-01
14 656 -4.384628291818916e-01
14 657 -4.200588639765467e-01
15 568 -4.525905044744942e+00
15 569 -4.067251063668253e+00
15 570 -3.366022360154266e+00
15 571 -2.663147370651975e+00
15 572 -2.090431267781305e+00
15 573 -1.676364567838126e+00
15 574 -1.401317141545707e+00
15 575 -1.236440941950799e+00
15 576 -1.159631427446449e+00
15 649 -1.150559746300793e+00
15 650 -1.080503303900339e+00
15 651 -9.641284169018353e-01
15 652 -8.333628176965927e-01
15 653 -7.129659454769715e-01
15 654 -6.155816174451778e-01
15 655 -5.446706033782363e-01
15 656 -4.992295378066069e-01
15 657 -4.771931449019353e-01
16 568 -6.111054663701775e+00
16 569 -5.419130278623613e+00
16 570 -4.386928768734730e+00
16 571 -3.385625846554120e+00
16 572 -2.596726531616661e+00
16 573 -2.043030520351703e+00
16 574 -1.683744548069757e+00
16 575 -1.471905049871769e+00
16 576 -1.374175843999473e+00
16 649 -1.362674947011498e+00
16 650 -1.274160638456932e+00
16 651 -1.128340110296571e+00
16 652 -9.663931371422871e-01
16 653 -8.191936069502016e-01
16 654 -7.015690098965978e-01
16 655 -6.167897327231203e-01
16 656 -5.628711244212374e-01
16 657 -5.368439285641303e-01
17 568 -7.837291716933354e+00
17 569 -6.865322573820536e+00
17 570 -5.447459028227148e+00
17 571 -4.111924827016543e+00
17 572 -3.090517728426738e+00
17 573 -2.391890891960504e+00
17 574 -1.947574303806506e+00
17 575 -1.689251611016357e+00
17 576 -1.571054452801329e+00
17 649 -1.557186894122949e+00
17 650 -1.450761490714920e+00
17 651 -1.276643514142612e+00
17 652 -1.085137720948105e+00
17 653 -9.129089554578841e-01
17 654 -7.766493937080114e-01
17 655 -6.792526036916490e-01
17 656 -6.176885759788127e-01
17 657 -5.880815319320072e-01
18 568 -9.044076000405258e+00
18 569 -7.862522712663038e+00
18 570 -6.162522726309753e+00
18 571 -4.589685127666615e+00
18 572 -3.408112880649557e+00
18 573 -2.612230088543995e+00
18 574 -2.112003407731220e+00
18 575 -1.823547828388513e+00
18 576 -1.692192140526179e+00
18 649 -1.676807733551658e+00
18 650 -1.558935337750524e+00
18 651 -1.366857237006421e+00
18 652 -1.156772145459448e+00
18 653 -9.689775422650518e-01
18 654 -8.212439872748967e-01
18 655 -7.161427990971629e-01
18 656 -6.499390186149587e-01
18 657 -6.181675880911203e-01
19 433 -3.385317414980562e+00
19 434 -3.220188964889503e+00
19 435 -2.939031293876454e+00
19 436 -2.611810997801810e+00
19 437 -2.298506557628572e+00
19 438 -2.035396142096884e+00
19 439 -1.837601148899066e+00
19 440 -1.707786375400734e+00
19 441 -1.643903226661355e+00
19 298 -9.388755395326728e+00
19 299 -8.711839076259285e+00
19 300 -7.612835900217956e+00
19 301 -6.416967220409556e+00
19 302 -5.353932418460697e+00
19 303 -4.522008693654773e+00
19 304 -3.932705766312737e+00
19 305 -3.562674112162119e+00
19 306 -3.385434690975445e+00
20 433 -3.559766958864189e+00
20 434 -3.382727950449842e+00
20 435 -3.081876146942306e+00
20 436 -2.732709970764875e+00
20 437 -2.399439694508052e+00
20 438 -2.120410134251315e+00
20 439 -1.911192922772811e+00
20 440 -1.774150862681346e+00
20 441 -1.706792725336054e+00
20 298 -1.012963159187675e+01
20 299 -9.377958351164443e+00
20 300 -8.162835011040643e+00
20 301 -6.848515678549278e+00
20 302 -5.687744030105893e+00
20 303 -4.784794286120945e+00
20 304 -4.148359816255946e+00
20 305 -3.750189672973386e+00
20 306 -3.559892781964168e+00
21 433 -3.923374872763610e+00
21 434 -3.720794695700665e+00
21 435 -3.377868846693184e+00
21 436 -2.982069769753418e+00
21 437 -2.606629944582322e+00
21 438 -2.294173906531974e+00
21 439 -2.061092594567886e+00
21 440 -1.909007689487375e+00
21 441 -1.834433547568899e+00
21 298 -1.176077474996615e+01
21 299 -1.083735239120000e+01
21 300 -9.357713529956939e+00
21 301 -7.776742366303982e+00
21 302 -6.398740842648046e+00
21 303 -5.339786177949155e+00
21 304 -4.600834864452957e+00
21 305 -4.141894762877205e+00
21 306 -3.923519049218068e+00
22 433 -4.500874935224908e+00
22 434 -4.255859225916947e+00
22 435 -3.843460033418439e+00
22 436 -3.371337632051075e+00
22 437 -2.927559898474259e+00
22 438 -2.561449166841619e+00
22 439 -2.290373279591510e+00
22 440 -2.114484642869623e+00
22 441 -2.028534924453091e+00
22 298 -1.460196413266602e+01
22 299 -1.335808902186381e+01
22 300 -1.139205575030251e+01
22 301 -9.330534378697642e+00
22 302 -7.569410335325069e+00
22 303 -6.240727488550544e+00
22 304 -5.327389387061808e+00
22 305 -4.766292308289633e+00
22 306 -4.501049673066500e+00
23 433 -5.313120757435003e+00
23 434 -5.004858257858519e+00
23 435 -4.489778879572524e+00
23 436 -3.906191490755545e+00
23 437 -3.363932072057388e+00
23 438 -2.921481634800379e+00
23 439 -2.596931610212120e+00
23 440 -2.387812910480140e+00
23 441 -2.286062068784584e+00
23 298 -1.915145837093594e+01
23 299 -1.734565201298700e+01
23 300 -1.454438328498953e+01
23 301 -1.168100083384425e+01
23 302 -9.299761494645736e+00
23 303 -7.546445333684391e+00
23 304 -6.364682044887364e+00
23 305 -5.648874058649540e+00
23 306 -5.313341182823286e+00
24 433 -6.346380432094286e+00
24 434 -5.952237016280730e+00
24 435 -5.299125173720948e+00
24 436 -4.567816914646502e+00
24 437 -3.897091327849261e+00
24 438 -3.356549266188179e+00
24 439 -2.964159706872181e+00
24 440 -2.713283331106359e+00
24 441 -2.591791816325306e+00
24 298 -2.596236285016085e+01
24 299 -2.322142189030995e+01
24 300 -1.906730967513335e+01
24 301 -1.495188912305859e+01
24 302 -1.163886255238895e+01
24 303 -9.269130511531994e+00
24 304 -7.708345628381677e+00
24 305 -6.778363468788381e+00
24 306 -6.346663121495080e+00
25 433 -7.503191064772623e+00
25 434 -7.006439709785501e+00
25 435 -6.190165421730027e+00
25 436 -5.286860277797874e+00
25 437 -4.469028502298117e+00
25 438 -3.817921953258697e+00
25 439 -3.350075667336246e+00
25 440 -3.053208737864326e+00
25 441 -2.910105948133619e+00
25 298 -3.511812117018840e+01
25 299 -3.097465893285687e+01
25 300 -2.485420096749097e+01
25 301 -1.899373768498203e+01
25 302 -1.443702367204410e+01
25 303 -1.127545005061988e+01
25 304 -9.242310670625717e+00
25 305 -8.051077595000381e+00
25 306 -7.503548434966823e+00
26 433 -8.561611751587625e+00
26 434 -7.965582392792869e+00
26 435 -6.992977047750447e+00
26 436 -5.927126564238201e+00
26 437 -4.972353238683779e+00
26 438 -4.219773998768835e+00
26 439 -3.683494125832798e+00
26 440 -3.345282082404065e+00
26 441 -3.182854531732740e+00
26 298 -4.511275487736899e+01
26 299 -3.928128468078372e+01
26 300 -3.086692083193750e+01
26 301 -2.305291478000035e+01
26 302 -1.716098181035425e+01
26 303 -1.317973077847922e+01
26 304 -1.067135907054061e+01
26 305 -9.222474450028564e+00
26 306 -8.562041636741192e+00
27 433 -9.211467854938858e+00
27 434 -8.552122235859915e+00
27 435 -7.480506666776480e+00
27 436 -6.312710763429317e+00
27 437 -5.272961391331534e+00
27 438 -4.458042152977915e+00
27 439 -3.880068750686364e+00
27 440 -3.516821097146792e+00
27 441 -3.342735382573347e+00
27 298 -5.211284959887176e+01
27 299 -4.501562176102179e+01
27 300 -3.492163059029217e+01
27 301 -2.572105942298301e+01
27 302 -1.891055674506367e+01
27 303 -1.438035064093170e+01
27 304 -1.156024238735024e+01
27 305 -9.944766161390769e+00
27 306 -9.211944105538583e+00
28 163 -5.416220002058462e+01
28 164 -5.022802665401585e+01
28 165 -4.384775605445112e+01
28 166 -3.691576787298072e+01
28 167 -3.076399426974579e+01
28 168 -2.595709559721799e+01
28 169 -2.255642579678767e+01
28 170 -2.042309821102835e+01
28 171 -1.940184682836720e+01
28 226 -1.965089079531244e+01
28 227 -1.865447811016700e+01
28 228 -1.696456892909407e+01
28 229 -1.500882502522094e+01
28 230 -1.314804939869483e+01
28 231 -1.159490363399701e+01
28 232 -1.043341201940594e+01
28 233 -9.674115721122750e+00
28 234 -9.301366754541375e+00
29 163 -5.854167739062588e+01
29 164 -5.416220002058462e+01
29 165 -4.709127355580947e+01
29 166 -3.945623744516968e+01
29 167 -3.272567055994931e+01
29 168 -2.749904299969194e+01
29 169 -2.382033312167080e+01
29 170 -2.152122134484240e+01
29 171 -2.042309821102835e+01
29 226 -2.069073554721809e+01
29 227 -1.962053311389865e+01
29 228 -1.780923474548294e+01
29 229 -1.571921050285187e+01
29 230 -1.373727264816497e+01
29 231 -1.208828886679322e+01
29 232 -1.085850012255494e+01
29 233 -1.005621142097246e+01
29 234 -9.662856581118254e+00
30 163 -6.822130473847562e+01
30 164 -6.281372151469550e+01
30 165 -5.416220002058462e+01
30 166 -4.493773407536258e+01
30 167 -3.691576787298079e+01
30 168 -3.076399426974584e+01
30 169 -2.647856519201587e+01
30 170 -2.382033312167080e+01
30 171 -2.255642579678767e+01
30 226 -2.286411760500073e+01
30 227 -2.163512724472598e+01
30 228 -1.956365673258904e+01
30 229 -1.718747517889383e+01
30 230 -1.494898739621840e+01
30 231 -1.309832638790241e+01
30 232 -1.172557305885547e+01
30 233 -1.083364588436331e+01
30 234 -1.039743293340480e+01
31 163 -8.519517483067813e+01
31 164 -7.785301043566096e+01
31 165 -6.627188696201256e+01
31 166 -5.416220002058462e+01
31 167 -4.384775605445120e+01
31 168 -3.608702553199043e+01
31 169 -3.076399426974584e+01
31 170 -2.749904299969194e+01
31 171 -2.595709559721799e+01
31 226 -2.633183992513011e+01
31 227 -2.483750927624879e+01
31 228 -2.233414600713777e+01
31 229 -1.948739173966742e+01
31 230 -1.683143622175754e+01
31 231 -1.465589774836899e+01
31 232 -1.305481798051748e+01
31 233 -1.202065057863446e+01
31 234 -1.151669831226794e+01
32 163 -1.126412627324487e+02
32 164 -1.018648001725688e+02
32 165 -8.519517483067789e+01
32 166 -6.822130473847545e+01
32 167 -5.416220002058462e+01
32 168 -4.384775605445120e+01
32 169 -3.691576787298079e+01
32 170 -3.272567055994931e+01
32 171 -3.076399426974579e+01
32 226 -3.123970634721755e+01
32 227 -2.934680002922400e+01
32 228 -2.620048180519886e+01
32 229 -2.266207724800531e+01
32 230 -1.940117121355998e+01
32 231 -1.676119343217947e+01
32 232 -1.483742978996973e+01
32 233 -1.360395745517530e+01
32 234 -1.300558751078462e+01
33 163 -1.542594296889544e+02
33 164 -1.376754155022314e+02
33 165 -1.126412627324484e+02
33 166 -8.797210672023490e+01
33 167 -6.822130473847545e+01
33 168 -5.416220002058462e+01
33 169 -4.493773407536258e+01
33 170 -3.945623744516968e+01
33 171 -3.691576787298072e+01
33 226 -3.753028732294229e+01
33 227 -3.509104082990167e+01
33 228 -3.107287964961157e+01
33 229 -2.661082976001446e+01
33 230 -2.255559154605013e+01
33 231 -1.931548381063215e+01
33 232 -1.698035783927002e+01
33 233 -1.549534848664371e+01
33 234 -1.477854587025093e+01
34 163 -2.110594394308412e+02
34 164 -1.855995935319292e+02
34 165 -1.481975549592906e+02
34 166 -1.126412627324484e+02
34 167 -8.519517483067789e+01
34 168 -6.627188696201256e+01
34 169 -5.416220002058462e+01
34 170 -4.709127355580947e+01
34 171 -4.384775605445112e+01
34 226 -4.463032896889410e+01
34 227 -4.153171134155529e+01
34 228 -3.647341910786754e+01
34 229 -3.092720357762781e+01
34 230 -2.595608010619858e+01
34 231 -2.203555884785239e+01
34 232 -1.924056876387222e+01
34 233 -1.747728240414672e+01
34 234 -1.663028632769119e+01
35 163 -2.740253463570521e+02
35 164 -2.376781350194701e+02
35 165 -1.855995935319292e+02
35 166 -1.376754155022314e+02
35 167 -1.018648001725688e+02
35 168 -7.785301043566096e+01
35 169 -6.281372151469550e+01
35 170 -5.416220002058462e+01
35 171 -5.022802665401585e+01
35 226 -5.117519035543422e+01
35 227 -4.743265557617822e+01
35 228 -4.136932098709923e+01
35 229 -3.479095045314858e+01
35 230 -2.896189269486494e+01
35 231 -2.441361512089091e+01
35 232 -2.119968018794903e+01
35 233 -1.918522753850548e+01
35 234 -1.822138397440060e+01
36 163 -3.186570404137975e+02
36 164 -2.740253463570521e+02
36 165 -2.110594394308412e+02
36 166 -1.542594296889544e+02
36 167 -1.126412627324487e+02
36 168 -8.519517483067813e+01
36 169 -6.822130473847562e+01
36 170 -5.854167739062588e+01
36 171 -5.416220002058462e+01
36 226 -5.521525300549624e+01
36 227 -5.105931325644030e+01
36 228 -4.435559728478757e+01
36 229 -3.712648685566430e+01
36 230 -3.076270608982341e+01
36 231 -2.582733619877337e+01
36 232 -2.235735103948870e+01
36 233 -2.019038738704632e+01
36 234 -1.915587188985650e+01
37 100 -3.063876713483004e+02
37 101 -2.834940405416220e+02
37 102 -2.465242187361742e+02
37 103 -2.065949579279446e+02
37 104 -1.713862870770351e+02
37 105 -1.440380867405085e+02
37 106 -1.247853356035525e+02
37 107 -1.127509709215689e+02
37 108 -1.070024797565431e+02
37 127 -1.111842160419089e+02
37 128 -1.055461095533196e+02
37 129 -9.598399433823259e+01
37 130 -8.491781515654051e+01
37 131 -7.438912780129233e+01
37 132 -6.560118671262130e+01
37 133 -5.902935453865796e+01
37 134 -5.473321623088147e+01
37 135 -5.262419323068897e+01
38 100 -3.319556216131105e+02
38 101 -3.063876713483004e+02
38 102 -2.652933583509493e+02
38 103 -2.211983722679021e+02
38 104 -1.825891498743604e+02
38 105 -1.527942602237227e+02
38 106 -1.319312420702795e+02
38 107 -1.189412869405831e+02
38 108 -1.127509709215689e+02
38 127 -1.172531533915743e+02
38 128 -1.111842160419089e+02
38 129 -1.009133914944476e+02
38 130 -8.906329869598245e+01
38 131 -7.782733888750003e+01
38 132 -6.847999797516034e+01
38 133 -6.150954765285573e+01
38 134 -5.696249594188554e+01
38 135 -5.473321623088147e+01
39 100 -3.887598036107316e+02
39 101 -3.569772876657807e+02
39 102 -3.063876713483004e+02
39 103 -2.528256435647878e+02
39 104 -2.065949579279446e+02
39 105 -1.713862870770351e+02
39 106 -1.469975300984291e+02
39 107 -1.319312420702795e+02
39 108 -1.247853356035525e+02
39 127 -1.299802986234525e+02
39 128 -1.229802979272742e+02
39 129 -1.111842160419089e+02
39 130 -9.765696586054979e+01
39 131 -8.491781515654051e+01
39 132 -7.438912780129233e+01
39 133 -6.658144690999892e+01
39 134 -6.150954765285573e+01
39 135 -5.902935453865796e+01
40 100 -4.892660634384653e+02
40 101 -4.456579274009468e+02
40 102 -3.772884512536019e+02
40 103 -3.063876713483004e+02
40 104 -2.465242187361742e+02
40 105 -2.018388903096643e+02
40 106 -1.713862870770351e+02
40 107 -1.527942602237227e+02
40 108 -1.440380867405085e+02
40 127 -1.503996481130596e+02
40 128 -1.418327997676566e+02
40 129 -1.274874282203571e+02
40 130 -1.111842160419089e+02
40 131 -9.598399433823259e+01
40 132 -8.354128223818003e+01
40 133 -7.438912780129233e+01
40 134 -6.847999797516034e+01
40 135 -6.560118671262130e+01
41 100 -6.539231526297682e+02
41 101 -5.889766168181849e+02
41 102 -4.892660634384653e+02
41 103 -3.887598036107316e+02
41 104 -3.063876713483004e+02
41 105 -2.465242187361742e+02
41 106 -2.065949579279446e+02
41 107 -1.825891498743604e+02
41 108 -1.713862870770351e+02
41 127 -1.795187328193210e+02
41 128 -1.685755047550937e+02
41 129 -1.503996481130596e+02
41 130 -1.299802986234525e+02
41 131 -1.111842160419089e+02
41 132 -9.598399433823259e+01
41 133 -8.491781515654051e+01
41 134 -7.782733888750003e+01
41 135 -7.438912780129233e+01
42 100 -9.079647811492955e+02
42 101 -8.061508812145921e+02
42 102 -6.539231526297682e+02
42 103 -5.058101280472401e+02
42 104 -3.887598036107316e+02
42 105 -3.063876713483004e+02
42 106 -2.528256435647878e+02
42 107 -2.211983722679021e+02
42 108 -2.065949579279446e+02
42 127 -2.171858432898975e+02
42 128 -2.029470802103653e+02
42 129 -1.795187328193210e+02
42 130 -1.535444680435803e+02
42 131 -1.299802986234525e+02
42 132 -1.111842160419089e+02
42 133 -9.765696586054979e+01
42 134 -8.906329869598245e+01
42 135 -8.491781515654051e+01
43 100 -1.261918950152693e+03
43 101 -1.102307440501610e+03
43 102 -8.706635735998834e+02
43 103 -6.539231526297682e+02
43 104 -4.892660634384653e+02
43 105 -3.772884512536019e+02
43 106 -3.063876713483004e+02
43 107 -2.652933583509493e+02
43 108 -2.465242187361742e+02
43 127 -2.601229704650892e+02
43 128 -2.418567470480144e+02
43 129 -2.120866375851850e+02
43 130 -1.795187328193210e+02
43 131 -1.503996481130596e+02
43 132 -1.274874282203571e+02
43 133 -1.111842160419089e+02
43 134 -1.009133914944476e+02
43 135 -9.598399433823259e+01
44 100 -1.662709139125969e+03
44 101 -1.430341356328780e+03
44 102 -1.102307440501610e+03
44 103 -8.061508812145921e+02
44 104 -5.889766168181849e+02
44 105 -4.456579274009468e+02
44 106 -3.569772876657807e+02
44 107 -3.063876713483004e+02
44 108 -2.834940405416220e+02
44 127 -3.000674339860819e+02
44 128 -2.778224125665660e+02
44 129 -2.418567470480144e+02
44 130 -2.029470802103653e+02
44 131 -1.685755047550937e+02
44 132 -1.418327997676566e+02
44 133 -1.229802979272742e+02
44 134 -1.111842160419089e+02
44 135 -1.055461095533196e+02
45 100 -1.951565449675446e+03
45 101 -1.662709139125969e+03
45 102 -1.261918950152693e+03
45 103 -9.079647811492955e+02
45 104 -6.539231526297682e+02
45 105 -4.892660634384653e+02
45 106 -3.887598036107316e+02
45 107 -3.319556216131105e+02
45 108 -3.063876713483004e+02
45 127 -3.248882080975380e+02
45 128 -3.000674339860819e+02
45 129 -2.601229704650892e+02
45 130 -2.171858432898975e+02
45 131 -1.795187328193210e+02
45 132 -1.503996481130596e+02
45 133 -1.299802986234525e+02
45 134 -1.172531533915743e+02
45 135 -1.111842160419089e+02
64 127 -3.063876713483004e+02
64 128 -2.834940405416220e+02
64 129 -2.465242187361742e+02
64 130 -2.065949579279446e+02
64 131 -1.713862870770351e+02
64 132 -1.440380867405085e+02
64 133 -1.247853356035525e+02
64 134 -1.127509709215689e+02
64 135 -1.070024797565431e+02
65 127 -3.319556216131105e+02
65 128 -3.063876713483004e+02
65 129 -2.652933583509493e+02
65 130 -2.211983722679021e+02
65 131 -1.825891498743604e+02
65 132 -1.527942602237227e+02
65 133 -1.319312420702795e+02
65 134 -1.189412869405831e+02
65 135 -1.127509709215689e+02
66 127 -3.887598036107316e+02
66 128 -3.569772876657807e+02
66 129 -3.063876713483004e+02
66 130 -2.528256435647878e+02
66 131 -2.065949579279446e+02
66 132 -1.713862870770351e+02
66 133 -1.469975300984291e+02
66 134 -1.319312420702795e+02
66 135 -1.247853356035525e+02
67 127 -4.892660634384653e+02
67 128 -4.456579274009468e+02
67 129 -3.772884512536019e+02
67 130 -3.063876713483004e+02
67 131 -2.465242187361742e+02
67 132 -2.018388903096643e+02
67 133 -1.713862870770351e+02
67 134 -1.527942602237227e+02
67 135 -1.440380867405085e+02
68 127 -6.539231526297682e+02
68 128 -5.889766168181849e+02
68 129 -4.892660634384653e+02
68 130 -3.887598036107316e+02
68 131 -3.063876713483004e+02
68 132 -2.465242187361742e+02
68 133 -2.065949579279446e+02
68 134 -1.825891498743604e+02
68 135 -1.713862870770351e+02
69 127 -9.079647811492955e+02
69 128 -8.061508812145921e+02
69 129 -6.539231526297682e+02
69 130 -5.058101280472401e+02
69 131 -3.887598036107316e+02
69 132 -3.063876713483004e+02
69 133 -2.528256435647878e+02
69 134 -2.211983722679021e+02
69 135 -2.065949579279446e+02
70 127 -1.261918950152693e+03
70 128 -1.102307440501610e+03
70 129 -8.706635735998834e+02
70 130 -6.539231526297682e+02
70 131 -4.892660634384653e+02
70 132 -3.772884512536019e+02
70 133 -3.063876713483004e+02
70 134 -2.652933583509493e+02
70 135 -2.465242187361742e+02
71 127 -1.662709139125969e+03
71 128 -1.430341356328780e+03
71 129 -1.102307440501610e+03
71 130 -8.061508812145921e+02
71 131 -5.889766168181849e+02
71 132 -4.456579274009468e+02
71 133 -3.569772876657807e+02
71 134 -3.063876713483004e+02
71 135 -2.834940405416220e+02
72 127 -1.951565449675446e+03
72 128 -1.662709139125969e+03
72 129 -1.261918950152693e+03
72 130 -9.079647811492955e+02
72 131 -6.539231526297682e+02
72 132 -4.892660634384653e+02
72 133 -3.887598036107316e+02
72 134 -3.319556216131105e+02
72 135 -3.063876713483004e+02
91 226 -5.414613215651872e+01
91 227 -5.010072701390774e+01
91 228 -4.356788476303217e+01
91 229 -3.651191929643716e+01
91 230 -3.028997679840288e+01
91 231 -2.545699136694014e+01
91 232 -2.205457010864157e+01
91 233 -1.992777963999209e+01
91 234 -1.891186041136401e+01
92 226 -5.852376177603060e+01
92 227 -5.402073345106170e+01
92 228 -4.678203589305151e+01
92 229 -3.901304340876566e+01
92 230 -3.220894386589140e+01
92 231 -2.695703047848204e+01
92 232 -2.327885908033580e+01
92 233 -2.098841279787797e+01
92 234 -1.989682161116785e+01
93 226 -6.819910935559757e+01
93 227 -6.263965836902304e+01
93 228 -5.378615871601050e+01
93 229 -4.440623215619756e+01
93 230 -3.630443761346163e+01
93 231 -3.013019978585644e+01
93 232 -2.585108085465488e+01
93 233 -2.320661191843128e+01
93 234 -2.195205563432493e+01
94 226 -8.516488154250548e+01
94 227 -7.761797112536843e+01
94 228 -6.577329627481978e+01
94 229 -5.347236600658977e+01
94 230 -4.307053292724648e+01
94 231 -3.529531622623160e+01
94 232 -2.999066759718922e+01
94 233 -2.674945361227850e+01
94 234 -2.522222619645942e+01
95 226 -1.125964780853024e+02
95 227 -1.015224390231588e+02
95 228 -8.448686700974264e+01
95 229 -6.726920479022692e+01
95 230 -5.311863973478960e+01
95 231 -4.280913301176561e+01
95 232 -3.591894236705492e+01
95 233 -3.177062858646202e+01
95 234 -2.983309426090862e+01
96 226 -1.541898810153043e+02
96 227 -1.371535979096881e+02
96 228 -1.115948128776754e+02
96 229 -8.661434930337073e+01
96 230 -6.678163660913039e+01
96 231 -5.276818073463136e+01
96 232 -4.362703478660475e+01
96 233 -3.821730520640281e+01
96 234 -3.571615752850062e+01
97 226 -2.109515733694868e+02
97 227 -1.848071263794887e+02
97 228 -1.466622619398469e+02
97 229 -1.107242422354173e+02
97 230 -8.323291352173051e+01
97 231 -6.442562103676980e+01
97 232 -5.246266147109564e+01
97 233 -4.550675157307440e+01
97 234 -4.232383777982547e+01
98 226 -2.738698901548634e+02
98 227 -2.365581214563089e+02
98 228 -1.834971494797621e+02
98 229 -1.351390291495773e+02
98 230 -9.934776888068623e+01
98 231 -7.554279610276259e+01
98 232 -6.072516336390903e+01
98 233 -5.223749568975981e+01
98 234 -4.838739864040921e+01
99 226 -3.184650218494180e+02
99 227 -2.726586834564250e+02
99 228 -2.085434939907571e+02
99 229 -1.512870296026832e+02
99 230 -1.097457761563797e+02
99 231 -8.257630045380181e+01
99 232 -6.587860520844929e+01
99 233 -5.639732187206222e+01
99 234 -5.211823866642374e+01
100 172 -3.063876713483004e+02
100 173 -2.834940405416220e+02
100 174 -2.465242187361742e+02
100 175 -2.065949579279446e+02
100 176 -1.713862870770351e+02
100 177 -1.440380867405085e+02
100 178 -1.247853356035525e+02
100 179 -1.127509709215689e+02
100 180 -1.070024797565431e+02
100 37 -3.063876713483004e+02
100 38 -3.319556216131105e+02
100 39 -3.887598036107316e+02
100 40 -4.892660634384653e+02
100 41 -6.539231526297682e+02
100 42 -9.079647811492955e+02
100 43 -1.261918950152693e+03
100 44 -1.662709139125969e+03
100 45 -1.951565449675446e+03
100 199 -1.111842160419089e+02
100 200 -1.055461095533196e+02
100 201 -9.598399433823259e+01
100 202 -8.491781515654051e+01
100 203 -7.438912780129233e+01
100 204 -6.560118671262130e+01
100 205 -5.902935453865796e+01
100 206 -5.473321623088147e+01
100 207 -5.262419323068897e+01
101 172 -3.319556216131105e+02
101 173 -3.063876713483004e+02
101 174 -2.652933583509493e+02
101 175 -2.211983722679021e+02
101 176 -1.825891498743604e+02
101 177 -1.527942602237227e+02
101 178 -1.319312420702795e+02
101 179 -1.189412869405831e+02
101 180 -1.127509709215689e+02
101 37 -2.834940405416220e+02
101 38 -3.063876713483004e+02
101 39 -3.569772876657807e+02
101 40 -4.456579274009468e+02
101 41 -5.889766168181849e+02
101 42 -8.061508812145921e+02
101 43 -1.102307440501610e+03
101 44 -1.430341356328780e+03
101 45 -1.662709139125969e+03
101 199 -1.172531533915743e+02
101 200 -1.111842160419089e+02
101 201 -1.009133914944476e+02
101 202 -8.906329869598245e+01
101 203 -7.782733888750003e+01
101 204 -6.847999797516034e+01
101 205 -6.150954765285573e+01
101 206 -5.696249594188554e+01
101 207 -5.473321623088147e+01
102 172 -3.887598036107316e+02
102 173 -3.569772876657807e+02
102 174 -3.063876713483004e+02
102 175 -2.528256435647878e+02
102 176 -2.065949579279446e+02
102 177 -1.713862870770351e+02
102 178 -1.469975300984291e+02
102 179 -1.319312420702795e+02
102 180 -1.247853356035525e+02
102 37 -2.465242187361742e+02
102 38 -2.652933583509493e+02
102 39 -3.063876713483004e+02
102 40 -3.772884512536019e+02
102 41 -4.892660634384653e+02
102 42 -6.539231526297682e+02
102 43 -8.706635735998834e+02
102 44 -1.102307440501610e+03
102 45 -1.261918950152693e+03
102 199 -1.299802986234525e+02
102 200 -1.229802979272742e+02
102 201 -1.111842160419089e+02
102 202 -9.765696586054979e+01
102 203 -8.491781515654051e+01
102 204 -7.438912780129233e+01
102 205 -6.658144690999892e+01
102 206 -6.150954765285573e+01
102 207 -5.902935453865796e+01
103 172 -4.892660634384653e+02
103 173 -4.456579274009468e+02
103 174 -3.772884512536019e+02
103 175 -3.063876713483004e+02
103 176 -2.465242187361742e+02
103 177 -2.018388903096643e+02
103 178 -1.713862870770351e+02
103 179 -1.527942602237227e+02
103 180 -1.440380867405085e+02
103 37 -2.065949579279446e+02
103 38 -2.211983722679021e+02
103 39 -2.528256435647878e+02
103 40 -3.063876713483004e+02
103 41 -3.887598036107316e+02
103 42 -5.058101280472401e+02
103 43 -6.539231526297682e+02
103 44 -8.061508812145921e+02
103 45 -9.079647811492955e+02
103 199 -1.503996481130596e+02
103 200 -1.418327997676566e+02
103 201 -1.274874282203571e+02
103 202 -1.111842160419089e+02
103 203 -9.598399433823259e+01
103 204 -8.354128223818003e+01
103 205 -7.438912780129233e+01
103 206 -6.847999797516034e+01
103 207 -6.560118671262130e+01
104 172 -6.539231526297682e+02
104 173 -5.889766168181849e+02
104 174 -4.892660634384653e+02
104 175 -3.887598036107316e+02
104 176 -3.063876713483004e+02
104 177 -2.465242187361742e+02
104 178 -2.065949579279446e+02
104 179 -1.825891498743604e+02
104 180 -1.713862870770351e+02
104 37 -1.713862870770351e+02
104 38 -1.825891498743604e+02
104 39 -2.065949579279446e+02
104 40 -2.465242187361742e+02
104 41 -3.063876713483004e+02
104 42 -3.887598036107316e+02
104 43 -4.892660634384653e+02
104 44 -5.889766168181849e+02
104 45 -6.539231526297682e+02
104 199 -1.795187328193210e+02
104 200 -1.685755047550937e+02
104 201 -1.503996481130596e+02
104 202 -1.299802986234525e+02
104 203 -1.111842160419089e+02
104 204 -9.598399433823259e+01
104 205 -8.491781515654051e+01
104 206 -7.782733888750003e+01
104 207 -7.438912780129233e+01
105 172 -9.079647811492955e+02
105 173 -8.061508812145921e+02
105 174 -6.539231526297682e+02
105 175 -5.058101280472401e+02
105 176 -3.887598036107316e+02
105 177 -3.063876713483004e+02
105 178 -2.528256435647878e+02
105 179 -2.211983722679021e+02
105 180 -2.065949579279446e+02
105 37 -1.440380867405085e+02
105 38 -1.527942602237227e+02
105 39 -1.713862870770351e+02
105 40 -2.018388903096643e+02
105 41 -2.465242187361742e+02
105 42 -3.063876713483004e+02
105 43 -3.772884512536019e+02
105 44 -4.456579274009468e+02
105 45 -4.892660634384653e+02
105 199 -2.171858432898975e+02
105 200 -2.029470802103653e+02
105 201 -1.795187328193210e+02
105 202 -1.535444680435803e+02
105 203 -1.299802986234525e+02
105 204 -1.111842160419089e+02
105 205 -9.765696586054979e+01
105 206 -8.906329869598245e+01
105 207 -8.491781515654051e+01
106 172 -1.261918950152693e+03
106 173 -1.102307440501610e+03
106 174 -8.706635735998834e+02
106 175 -6.539231526297682e+02
106 176 -4.892660634384653e+02
106 177 -3.772884512536019e+02
106 178 -3.063876713483004e+02
106 179 -2.652933583509493e+02
106 180 -2.465242187361742e+02
106 37 -1.247853356035525e+02
106 38 -1.319312420702795e+02
106 39 -1.469975300984291e+02
106 40 -1.713862870770351e+02
106 41 -2.065949579279446e+02
106 42 -2.528256435647878e+02
106 43 -3.063876713483004e+02
106 44 -3.569772876657807e+02
106 45 -3.887598036107316e+02
106 199 -2.601229704650892e+02
106 200 -2.418567470480144e+02
106 201 -2.120866375851850e+02
106 202 -1.795187328193210e+02
106 203 -1.503996481130596e+02
106 204 -1.274874282203571e+02
106 205 -1.111842160419089e+02
106 206 -1.009133914944476e+02
106 207 -9.598399433823259e+01
107 172 -1.662709139125969e+03
107 173 -1.430341356328780e+03
107 174 -1.102307440501610e+03
107 175 -8.061508812145921e+02
107 176 -5.889766168181849e+02
107 177 -4.456579274009468e+02
107 178 -3.569772876657807e+02
107 179 -3.063876713483004e+02
107 180 -2.834940405416220e+02
107 37 -1.127509709215689e+02
107 38 -1.189412869405831e+02
107 39 -1.319312420702795e+02
107 40 -1.527942602237227e+02
107 41 -1.825891498743604e+02
107 42 -2.211983722679021e+02
107 43 -2.652933583509493e+02
107 44 -3.063876713483004e+02
107 45 -3.319556216131105e+02
107 199 -3.000674339860819e+02
107 200 -2.778224125665660e+02
107 201 -2.418567470480144e+02
107 202 -2.029470802103653e+02
107 203 -1.685755047550937e+02
107 204 -1.418327997676566e+02
107 205 -1.229802979272742e+02
107 206 -1.111842160419089e+02
107 207 -1.055461095533196e+02
108 172 -1.951565449675446e+03
108 173 -1.662709139125969e+03
108 174 -1.261918950152693e+03
108 175 -9.079647811492955e+02
108 176 -6.539231526297682e+02
108 177 -4.892660634384653e+02
108 178 -3.887598036107316e+02
108 179 -3.319556216131105e+02
108 180 -3.063876713483004e+02
108 37 -1.070024797565431e+02
108 38 -1.127509709215689e+02
108 39 -1.247853356035525e+02
108 40 -1.440380867405085e+02
108 41 -1.713862870770351e+02
108 42 -2.065949579279446e+02
108 43 -2.465242187361742e+02
108 44 -2.834940405416220e+02
108 45 -3.063876713483004e+02
108 199 -3.248882080975380e+02
108 200 -3.000674339860819e+02
108 201 -2.601229704650892e+02
108 202 -2.171858432898975e+02
108 203 -1.795187328193210e+02
108 204 -1.503996481130596e+02
108 205 -1.299802986234525e+02
108 206 -1.172531533915743e+02
108 207 -1.111842160419089e+02
127 64 -3.063876713483004e+02
127 65 -3.319556216131105e+02
127 66 -3.887598036107316e+02
127 67 -4.892660634384653e+02
127 68 -6.539231526297682e+02
127 69 -9.079647811492955e+02
127 70 -1.261918950152693e+03
127 71 -1.662709139125969e+03
127 72 -1.951565449675446e+03
127 37 -1.111842160419089e+02
127 38 -1.172531533915743e+02
127 39 -1.299802986234525e+02
127 40 -1.503996481130596e+02
127 41 -1.795187328193210e+02
127 42 -2.171858432898975e+02
127 43 -2.601229704650892e+02
127 44 -3.000674339860819e+02
127 45 -3.248882080975380e+02
127 199 -3.063876713483004e+02
127 200 -2.834940405416220e+02
127 201 -2.465242187361742e+02
127 202 -2.065949579279446e+02
127 203 -1.713862870770351e+02
127 204 -1.440380867405085e+02
127 205 -1.247853356035525e+02
127 206 -1.127509709215689e+02
127 207 -1.070024797565431e+02
128 64 -2.834940405416220e+02
128 65 -3.063876713483004e+02
128 66 -3.569772876657807e+02
128 67 -4.456579274009468e+02
128 68 -5.889766168181849e+02
128 69 -8.061508812145921e+02
128 70 -1.102307440501610e+03
128 71 -1.430341356328780e+03
128 72 -1.662709139125969e+03
128 37 -1.055461095533196e+02
128 38 -1.111842160419089e+02
128 39 -1.229802979272742e+02
128 40 -1.418327997676566e+02
128 41 -1.685755047550937e+02
128 42 -2.029470802103653e+02
128 43 -2.418567470480144e+02
128 44 -2.778224125665660e+02
128 45 -3.000674339860819e+02
128 199 -3.319556216131105e+02
128 200 -3.063876713483004e+02
128 201 -2.652933583509493e+02
128 202 -2.211983722679021e+02
128 203 -1.825891498743604e+02
128 204 -1.527942602237227e+02
128 205 -1.319312420702795e+02
128 206 -1.189412869405831e+02
128 207 -1.127509709215689e+02
129 64 -2.465242187361742e+02
129 65 -2.652933583509493e+02
129 66 -3.063876713483004e+02
129 67 -3.772884512536019e+02
129 68 -4.892660634384653e+02
129 69 -6.539231526297682e+02
129 70 -8.706635735998834e+02
129 71 -1.102307440501610e+03
129 72 -1.261918950152693e+03
129 37 -9.598399433823259e+01
129 38 -1.009133914944476e+02
129 39 -1.111842160419089e+02
129 40 -1.274874282203571e+02
129 41 -1.503996481130596e+02
129 42 -1.795187328193210e+02
129 43 -2.120866375851850e+02
129 44 -2.418567470480144e+02
129 45 -2.601229704650892e+02
129 199 -3.887598036107316e+02
129 200 -3.569772876657807e+02
129 201 -3.063876713483004e+02
129 202 -2.528256435647878e+02
129 203 -2.065949579279446e+02
129 204 -1.713862870770351e+02
129 205 -1.469975300984291e+02
129 206 -1.319312420702795e+02
129 207 -1.247853356035525e+02
130 64 -2.065949579279446e+02
130 65 -2.211983722679021e+02
130 66 -2.528256435647878e+02
130 67 -3.063876713483004e+02
130 68 -3.887598036107316e+02
130 69 -5.058101280472401e+02
130 70 -6.539231526297682e+02
130 71 -8.061508812145921e+02
130 72 -9.079647811492955e+02
130 37 -8.491781515654051e+01
130 38 -8.906329869598245e+01
130 39 -9.765696586054979e+01
130 40 -1.111842160419089e+02
130 41 -1.299802986234525e+02
130 42 -1.535444680435803e+02
130 43 -1.795187328193210e+02
130 44 -2.029470802103653e+02
130 45 -2.171858432898975e+02
130 199 -4.892660634384653e+02
130 200 -4.456579274009468e+02
130 201 -3.772884512536019e+02
130 202 -3.063876713483004e+02
130 203 -2.465242187361742e+02
130 204 -2.018388903096643e+02
130 205 -1.713862870770351e+02
130 206 -1.527942602237227e+02
130 207 -1.440380867405085e+02
131 64 -1.713862870770351e+02
131 65 -1.825891498743604e+02
131 66 -2.065949579279446e+02
131 67 -2.465242187361742e+02
131 68 -3.063876713483004e+02
131 69 -3.887598036107316e+02
131 70 -4.892660634384653e+02
