%%MatrixMarket matrix coordinate real general
%
2268 2268 27702
1 1135 -1.700798369737711e+00
1 1136 -1.580146520641762e+00
1 1137 -1.383797447945426e+00
1 1138 -1.169434425459564e+00
1 1139 -9.781971935804883e-01
1 1140 -8.280348874333169e-01
1 1141 -7.213705036951628e-01
1 1142 -6.542581359308065e-01
1 1143 -6.220727691019352e-01
1 1702 -6.162005167844603e-01
1 1703 -5.865809664013769e-01
1 1704 -5.360760519950343e-01
1 1705 -4.771748485999386e-01
1 1706 -4.206467334735816e-01
1 1707 -3.730673665120094e-01
1 1708 -3.372297028644913e-01
1 1709 -3.136745651272539e-01
1 1710 -3.020723387778803e-01
2 1135 -1.834202782095809e+00
2 1136 -1.700304287691523e+00
2 1137 -1.483315279803830e+00
2 1138 -1.247806914653008e+00
2 1139 -1.039040084931998e+00
2 1140 -8.760831322739783e-01
2 1141 -7.608976907202907e-01
2 1142 -6.886845676773539e-01
2 1143 -6.541284293696698e-01
2 1702 -6.478290624440273e-01
2 1703 -6.160812483634749e-01
2 1704 -5.620506436757026e-01
2 1705 -4.992100478166410e-01
2 1706 -4.390870812134406e-01
2 1707 -3.886330314655431e-01
2 1708 -3.507275275451662e-01
2 1709 -3.258614897260794e-01
2 1710 -3.136282204841275e-01
3 1135 -2.127632926075190e+00
3 1136 -1.963336279373048e+00
3 1137 -1.699376260738821e+00
3 1138 -1.416301185435251e+00
3 1139 -1.168592602973062e+00
3 1140 -9.775415521883353e-01
3 1141 -8.438248644838543e-01
3 1142 -7.605965803633626e-01
3 1143 -7.209424339906940e-01
3 1702 -7.137261578095764e-01
3 1703 -6.774167410319347e-01
3 1704 -6.158571844841060e-01
3 1705 -5.446485853551305e-01
3 1706 -4.769348167824555e-01
3 1707 -4.204455407347000e-01
3 1708 -3.782201346679643e-01
3 1709 -3.506257015251436e-01
3 1710 -3.370820519210149e-01
4 1135 -2.637907455781169e+00
4 1136 -2.417005841266988e+00
4 1137 -2.066818321041631e+00
4 1138 -1.698127054340231e+00
4 1139 -1.381795971117338e+00
4 1140 -1.142196099558672e+00
4 1141 -9.769654991054337e-01
4 1142 -8.752224916572976e-01
4 1143 -8.270594513937112e-01
4 1702 -8.183170326055945e-01
4 1703 -7.744349425866087e-01
4 1704 -7.004522660564482e-01
4 1705 -6.155554843954473e-01
4 1706 -5.355452838374449e-01
4 1707 -4.693709761542122e-01
4 1708 -4.202687261188718e-01
4 1709 -3.883571662753673e-01
4 1710 -3.727478224907735e-01
5 1135 -3.453060562076191e+00
5 1136 -3.133183425269243e+00
5 1137 -2.635278801261590e+00
5 1138 -2.123978477656216e+00
5 1139 -1.696708070875342e+00
5 1140 -1.380732659198229e+00
5 1141 -1.167012788191864e+00
5 1142 -1.037234953557933e+00
5 1143 -9.763110130362493e-01
5 1702 -9.652884463905012e-01
5 1703 -9.101324942258833e-01
5 1704 -8.178063234380492e-01
5 1705 -7.129338469046965e-01
5 1706 -6.152126550891496e-01
5 1707 -5.352631678456060e-01
5 1708 -4.764841616901885e-01
5 1709 -4.385463909860715e-01
5 1710 -4.200677864283204e-01
6 1135 -4.669631336599156e+00
6 1136 -4.185658502884530e+00
6 1137 -3.449228596936940e+00
6 1138 -2.715757595785386e+00
6 1139 -2.122037567431335e+00
6 1140 -1.695290746872716e+00
6 1141 -1.413135187769625e+00
6 1142 -1.244555158183441e+00
6 1143 -1.166173404860229e+00
6 1702 -1.152045612945678e+00
6 1703 -1.081601773927926e+00
6 1704 -9.646448843535066e-01
6 1705 -8.333228824564292e-01
6 1706 -7.125127689213320e-01
6 1707 -6.148700930342391e-01
6 1708 -5.438174501422909e-01
6 1709 -4.983077465792363e-01
6 1710 -4.762446160907916e-01
7 1135 -6.299099162391054e+00
7 1136 -5.570087003404034e+00
7 1137 -4.488193608069785e+00
7 1138 -3.445863741183363e+00
7 1139 -2.630348460087113e+00
7 1140 -2.061445467603243e+00
7 1141 -1.694045742383499e+00
7 1142 -1.478144899756304e+00
7 1143 -1.378737383755040e+00
7 1702 -1.360887952118583e+00
7 1703 -1.272204792965373e+00
7 1704 -1.126168560851712e+00
7 1705 -9.640794416705641e-01
7 1706 -8.168477108343095e-01
7 1707 -6.992703419664850e-01
7 1708 -6.145690696500914e-01
7 1709 -5.607207329882316e-01
7 1710 -5.347335258930616e-01
8 1135 -8.071325480070072e+00
8 1136 -7.048685880176444e+00
8 1137 -5.565201275718212e+00
8 1138 -4.177976612941944e+00
8 1139 -3.124724590079223e+00
8 1140 -2.408804959610721e+00
8 1141 -1.955682739591197e+00
8 1142 -1.693122493671797e+00
8 1143 -1.573221355670595e+00
8 1702 -1.551760741373023e+00
8 1703 -1.445453388306640e+00
8 1704 -1.271586461572002e+00
8 1705 -1.080445857413130e+00
8 1706 -9.086328186273338e-01
8 1707 -7.727668187490034e-01
8 1708 -6.756897927034838e-01
8 1709 -6.143457752911261e-01
8 1710 -5.848497573061521e-01
9 1135 -9.309030792769882e+00
9 1136 -8.066954975435394e+00
9 1137 -6.290210553864870e+00
9 1138 -4.658652176388032e+00
9 1139 -3.442042950044956e+00
9 1140 -2.627730342898523e+00
9 1141 -2.118396562240783e+00
9 1142 -1.825671816950789e+00
9 1143 -1.692631530404347e+00
9 1702 -1.668863110826555e+00
9 1703 -1.551326188170236e+00
9 1704 -1.359847093049060e+00
9 1705 -1.150497018599473e+00
9 1706 -9.634370076687800e-01
9 1707 -8.163382848445681e-01
9 1708 -7.117223427415745e-01
9 1709 -6.458397702064286e-01
9 1710 -6.142270091391578e-01
10 577 -9.668039754076972e+00
10 578 -8.978399604437477e+00
10 579 -7.856981062192605e+00
10 580 -6.634051984848504e+00
10 581 -5.544382952983630e+00
10 582 -4.689730427554420e+00
10 583 -4.083219039039204e+00
10 584 -3.701870736183997e+00
10 585 -3.519062446235008e+00
10 856 -3.497057332908938e+00
10 857 -3.328117750400732e+00
10 858 -3.040196551698948e+00
10 859 -2.704645661687464e+00
10 860 -2.382869273101415e+00
10 861 -2.112240302167759e+00
10 862 -1.908532165158310e+00
10 863 -1.774707057533898e+00
10 864 -1.708811004431284e+00
11 577 -1.042792100350136e+01
11 578 -9.662412840408463e+00
11 579 -8.422906634430152e+00
11 580 -7.079175558726460e+00
11 581 -5.889520365817942e+00
11 582 -4.961997359580787e+00
11 583 -4.307014883097344e+00
11 584 -3.896677663646664e+00
11 585 -3.700403018148985e+00
11 856 -3.676796287632870e+00
11 857 -3.495702020396280e+00
11 858 -3.187658132160805e+00
11 859 -2.829643915278643e+00
11 860 -2.487389966690326e+00
11 861 -2.200402130339840e+00
11 862 -1.984936698198691e+00
11 863 -1.843662925660271e+00
11 864 -1.774182659637364e+00
12 577 -1.209985789967807e+01
12 578 -1.116018103363464e+01
12 579 -9.651850100750547e+00
12 580 -8.036305744509786e+00
12 581 -6.624494901154130e+00
12 582 -5.536948315121283e+00
12 583 -4.776546929488968e+00
12 584 -4.303606130517534e+00
12 585 -4.078373790891477e+00
12 856 -4.051328477707510e+00
12 857 -3.844178119978570e+00
12 858 -3.493156855057107e+00
12 859 -3.087420867912321e+00
12 860 -2.701923451741463e+00
12 861 -2.380589337846679e+00
12 862 -2.140561146000859e+00
12 863 -1.983784152891550e+00
12 864 -1.906861127622349e+00
13 577 -1.500896220047154e+01
13 578 -1.374474424990905e+01
13 579 -1.174263755165606e+01
13 580 -9.637644505224026e+00
13 581 -7.834242340577331e+00
13 582 -6.470113803193435e+00
13 583 -5.530421932699210e+00
13 584 -4.952250188147252e+00
13 585 -4.678685082400162e+00
13 856 -4.645915602732410e+00
13 857 -4.395497701990171e+00
13 858 -3.973544706450117e+00
13 859 -3.489731863548668e+00
13 860 -3.034174442493727e+00
13 861 -2.657718397344528e+00
13 862 -2.378586919341656e+00
13 863 -2.197278725725720e+00
13 864 -2.108622801479843e+00
14 577 -1.965992326532715e+01
14 578 -1.782768342968988e+01
14 579 -1.497900117091537e+01
14 580 -1.205825395701952e+01
14 581 -9.621526041147485e+00
14 582 -7.822180859388926e+00
14 583 -6.606585543239607e+00
14 584 -5.869065033700025e+00
14 585 -5.523013483700748e+00
14 856 -5.481690043876853e+00
14 857 -5.166832897209201e+00
14 858 -4.640110726087141e+00
14 859 -4.042328334364181e+00
14 860 -3.485842817105866e+00
14 861 -3.030976950601266e+00
14 862 -2.696817739646272e+00
14 863 -2.481265838526340e+00
14 864 -2.376312717242079e+00
15 577 -2.660849856174327e+01
15 578 -2.383331974207469e+01
15 579 -1.961621021304433e+01
15 580 -1.542362772574222e+01
15 581 -1.203619855902307e+01
15 582 -9.605445292059736e+00
15 583 -8.000389526637228e+00
15 584 -7.042303833662651e+00
15 585 -6.597083793558924e+00
15 856 -6.544108310365247e+00
15 857 -6.141828675612725e+00
15 858 -5.474372801723790e+00
15 859 -4.725639279727730e+00
15 860 -4.037550864621233e+00
15 861 -3.481959835633282e+00
15 862 -3.078000274328088e+00
15 863 -2.819419720917045e+00
15 864 -2.694106551358419e+00
16 577 -3.592685206197134e+01
16 578 -3.174152706236970e+01
16 579 -2.554009355249086e+01
16 580 -1.957788196141608e+01
16 581 -1.492291899173448e+01
16 582 -1.168159105370509e+01
16 583 -9.591335194548829e+00
16 584 -8.364241553301335e+00
16 585 -7.799582931832361e+00
16 856 -7.732638770567269e+00
16 857 -7.226008345631073e+00
16 858 -6.392331439386213e+00
16 859 -5.467949421894374e+00
16 860 -4.629228569183997e+00
16 861 -3.960135753049273e+00
16 862 -3.478550201190774e+00
16 863 -3.172582464744437e+00
16 864 -3.024980383213743e+00
17 577 -4.607421833807318e+01
17 578 -4.019662561844805e+01
17 579 -3.168571433859092e+01
17 580 -2.374572131423626e+01
17 581 -1.773138064861567e+01
17 582 -1.365149884527924e+01
17 583 -1.107324094707686e+01
17 584 -9.580881051770410e+00
17 585 -8.899804490345403e+00
17 856 -8.819303027900290e+00
17 857 -8.211796059840133e+00
17 858 -7.218975176414133e+00
17 859 -6.128690863981327e+00
17 860 -5.149801011776296e+00
17 861 -4.376565368298302e+00
17 862 -3.824588361404598e+00
17 863 -3.476022499301393e+00
17 864 -3.308490055907092e+00
18 577 -5.316787460965344e+01
18 578 -4.602415911097979e+01
18 579 -3.582522742282774e+01
18 580 -2.648321815661042e+01
18 581 -1.953442396449330e+01
18 582 -1.489319805507063e+01
18 583 -1.199490052317238e+01
18 584 -1.033104205346347e+01
18 585 -9.575325019992611e+00
18 856 -9.486158000817367e+00
18 857 -8.814355243007814e+00
18 858 -7.720795651611272e+00
18 859 -6.526502305649259e+00
18 860 -5.460657838389004e+00
18 861 -4.623452853935656e+00
18 862 -4.028593523449520e+00
18 863 -3.654234393854455e+00
18 864 -3.474678585268307e+00
19 298 -5.522643130536942e+01
19 299 -5.124333316670127e+01
19 300 -4.477692267878420e+01
19 301 -3.774105602429018e+01
19 302 -3.148718617288097e+01
19 303 -2.659329425858586e+01
19 304 -2.312685000863098e+01
19 305 -2.095031331575352e+01
19 306 -1.990781288876159e+01
19 433 -1.991107111565965e+01
19 434 -1.893955522946071e+01
19 435 -1.728544380971680e+01
19 436 -1.536041981565910e+01
19 437 -1.351735258598665e+01
19 438 -1.196963380328471e+01
19 439 -1.080617337674904e+01
19 440 -1.004260648334986e+01
19 441 -9.666854708275386e+00
20 298 -5.958495730566376e+01
20 299 -5.516192177004281e+01
20 300 -4.801219971282303e+01
20 301 -4.027937103023840e+01
20 302 -3.345047556908959e+01
20 303 -2.813874702670443e+01
20 304 -2.439505521678533e+01
20 305 -2.205300529587110e+01
20 306 -2.093370219102624e+01
20 433 -2.093719788835411e+01
20 434 -1.989560185214644e+01
20 435 -1.812561732539474e+01
20 436 -1.607147906097268e+01
20 437 -1.411095423929573e+01
20 438 -1.246959003743170e+01
20 439 -1.123894121450387e+01
20 440 -1.043286327914096e+01
20 441 -1.003667205670584e+01
21 298 -6.918105714127374e+01
21 299 -6.374726972360534e+01
21 300 -5.504096863216979e+01
21 301 -4.573913998629141e+01
21 302 -3.763217937951340e+01
21 303 -3.140268868468856e+01
21 304 -2.705594756469628e+01
21 305 -2.435644250991363e+01
21 306 -2.307198262201355e+01
21 433 -2.307598824675226e+01
21 434 -2.188410977607283e+01
21 435 -1.986657463968434e+01
21 436 -1.753807892477654e+01
21 437 -1.532947239370201e+01
21 438 -1.349147409209131e+01
21 439 -1.212045029813403e+01
21 440 -1.122588997995913e+01
21 441 -1.078725511314278e+01
22 298 -8.589649687269581e+01
22 299 -7.857675058311507e+01
22 300 -6.700809257675368e+01
22 301 -5.487859524413308e+01
22 302 -4.451750529325304e+01
22 303 -3.670121207176243e+01
22 304 -3.132864493944531e+01
22 305 -2.802824052759152e+01
22 306 -2.646811396827297e+01
22 433 -2.647296871472281e+01
22 434 -2.503139824866494e+01
22 435 -2.260509745887257e+01
22 436 -1.982756005143804e+01
22 437 -1.721692110798160e+01
22 438 -1.506329283501405e+01
22 439 -1.346877420701742e+01
22 440 -1.243419956984991e+01
22 441 -1.192865494651639e+01
23 298 -1.126636644081421e+02
23 299 -1.020365870824703e+02
23 300 -8.555244891615339e+01
23 301 -6.870443946573934e+01
23 302 -5.469476477230946e+01
23 303 -4.438032924384423e+01
23 304 -3.742874483001901e+01
23 305 -3.321830948822916e+01
23 306 -3.124474216775443e+01
23 433 -3.125086631899855e+01
23 434 -2.943714101946019e+01
23 435 -2.640668072821098e+01
23 436 -2.297333837373615e+01
23 437 -1.978332451793855e+01
23 438 -1.718061587490500e+01
23 439 -1.527154601379911e+01
23 440 -1.404151072673463e+01
23 441 -1.344302577202160e+01
24 298 -1.527385643115993e+02
24 299 -1.366071776948801e+02
24 300 -1.121608460588695e+02
24 301 -8.794493030534279e+01
24 302 -6.845270874373485e+01
24 303 -5.451179525147976e+01
24 304 -4.533058573402736e+01
24 305 -3.986034298205158e+01
24 306 -3.732112672456255e+01
24 433 -3.732898087506940e+01
24 434 -3.500990342666080e+01
24 435 -3.116725487037769e+01
24 436 -2.686477956635888e+01
24 437 -2.291897994803823e+01
24 438 -1.973922702727213e+01
24 439 -1.743110242959431e+01
24 440 -1.595544620225204e+01
24 441 -1.524084888303110e+01
25 298 -2.066145692548484e+02
25 299 -1.822270203368904e+02
25 300 -1.462068441840802e+02
25 301 -1.117212673918284e+02
25 302 -8.491105099838946e+01
25 303 -6.631150465440314e+01
25 304 -5.435160189645630e+01
25 305 -4.734463162469855e+01
25 306 -4.412411921265567e+01
25 433 -4.413404839473380e+01
25 434 -4.121117314784707e+01
25 435 -3.640844585123290e+01
25 436 -3.109398676867848e+01
25 437 -2.628272736093493e+01
25 438 -2.245255029988596e+01
25 439 -1.970056197777982e+01
25 440 -1.795438621453205e+01
25 441 -1.711267378841840e+01
26 298 -2.654314201109839e+02
26 299 -2.311062255032451e+02
26 300 -1.815831901601255e+02
26 301 -1.356003110667490e+02
26 302 -1.009332528608720e+02
26 303 -7.751121321005053e+01
26 304 -6.275565989096646e+01
26 305 -5.423312785043374e+01
26 306 -5.034852406404291e+01
26 433 -5.036046812896164e+01
26 434 -4.685337395180393e+01
26 435 -4.113074346035618e+01
26 436 -3.485989373031347e+01
26 437 -2.924296537776258e+01
26 438 -2.481584434765892e+01
26 439 -2.166130322083090e+01
26 440 -1.967193224966084e+01
26 441 -1.871655367510611e+01
27 298 -3.066283666510955e+02
27 299 -2.648508681185572e+02
27 300 -2.054403037140962e+02
27 301 -1.512966646837479e+02
27 302 -1.112243222529277e+02
27 303 -8.457251187584423e+01
27 304 -6.798309172560241e+01
27 305 -5.848062905316222e+01
27 306 -5.417023645596455e+01
27 433 -5.418346883337077e+01
27 434 -5.030377157426124e+01
27 435 -4.399852269562553e+01
27 436 -3.712783483139469e+01
27 437 -3.101096203863813e+01
27 438 -2.621710498981521e+01
27 439 -2.281730567555881e+01
27 440 -2.068067308410458e+01
27 441 -1.965672242765773e+01
28 163 -3.185949915155906e+02
28 164 -2.951078427558438e+02
28 165 -2.571018386235475e+02
28 166 -2.159365711771960e+02
28 167 -1.795263442452015e+02
28 168 -1.511641185819216e+02
28 169 -1.311504875731257e+02
28 170 -1.186189792674009e+02
28 171 -1.126267924233399e+02
28 226 -1.141104443336769e+02
28 227 -1.084315507615241e+02
28 228 -9.878175936820709e+01
28 229 -8.758337773570206e+01
28 230 -7.689597342670373e+01
28 231 -6.794892048403183e+01
28 232 -6.124100002381031e+01
28 233 -5.684745832723304e+01
28 234 -5.468806044199793e+01
29 163 -3.439477067470149e+02
29 164 -3.178454563978018e+02
29 165 -2.757949833234031e+02
29 166 -2.305288966853525e+02
29 167 -1.907570089368379e+02
29 168 -1.599666339328591e+02
29 169 -1.383497950453837e+02
29 170 -1.248646489909731e+02
29 171 -1.184309147085536e+02
29 226 -1.200229981926134e+02
29 227 -1.139323073580841e+02
29 228 -1.036033843083449e+02
29 229 -9.165105173433192e+01
29 230 -8.028060644024262e+01
29 231 -7.079116927375263e+01
29 232 -6.369543942071494e+01
29 233 -5.905716209239919e+01
29 234 -5.678028304808357e+01
30 163 -3.998395590460265e+02
30 164 -3.677195470576132e+02
30 165 -3.164434563350800e+02
30 166 -2.619362897572149e+02
30 167 -2.146875584166403e+02
30 168 -1.785615937298684e+02
30 169 -1.534567756335945e+02
30 170 -1.379118742926998e+02
30 171 -1.305286077257164e+02
30 226 -1.323536142708755e+02
30 227 -1.253792450156107e+02
30 228 -1.135985712390459e+02
30 229 -1.000434109112309e+02
30 230 -8.722984128405791e+01
30 231 -7.660127951093797e+01
30 232 -6.869521361333243e+01
30 233 -6.354751694192804e+01
30 234 -6.102667800147356e+01
31 163 -4.974174896700122e+02
31 164 -4.540381155501299e+02
31 165 -3.857583326106442e+02
31 166 -3.145682002862656e+02
31 167 -2.541172217455341e+02
31 168 -2.087595425387009e+02
31 169 -1.777191936617241e+02
31 170 -1.587111708505125e+02
31 171 -1.497429456103046e+02
31 226 -1.519560441708244e+02
31 227 -1.435117964143268e+02
31 228 -1.293315992553847e+02
31 229 -1.131510900876764e+02
31 230 -9.799758170421848e+01
31 231 -8.553990741673539e+01
31 232 -7.634343495921600e+01
31 233 -7.038956454437437e+01
31 234 -6.748412844494335e+01
32 163 -6.541859996822101e+02
32 164 -5.909830065177898e+02
32 165 -4.934067681037748e+02
32 166 -3.943098996958960e+02
32 167 -3.124545890557372e+02
32 168 -2.525488844183091e+02
32 169 -2.123674027242826e+02
32 170 -1.881134719040971e+02
32 171 -1.767679971916822e+02
32 226 -1.795617527855330e+02
32 227 -1.689233475000208e+02
32 228 -1.511919511178824e+02
32 229 -1.311733014639336e+02
32 230 -1.126452263036225e+02
32 231 -9.758387849948195e+01
32 232 -8.657079572203122e+01
32 233 -7.949137370073241e+01
32 234 -7.605169906643890e+01
33 163 -8.899037087533450e+02
33 164 -7.935375863967956e+02
33 165 -6.483041962836987e+02
33 166 -5.054956454877199e+02
33 167 -3.914111969292455e+02
33 168 -3.103608066686783e+02
33 169 -2.572634643085092e+02
33 170 -2.257453236303342e+02
33 171 -2.111471637576030e+02
33 226 -2.147330428340353e+02
33 227 -2.011096605556943e+02
33 228 -1.785967361533239e+02
33 229 -1.534852009567454e+02
33 230 -1.305512703068963e+02
33 231 -1.121425230527331e+02
33 232 -9.882410901895769e+01
33 233 -9.033009985354941e+01
33 234 -8.622296374516748e+01
34 163 -1.208406374254620e+03
34 164 -1.061994722297375e+03
34 165 -8.471447143627422e+02
34 166 -6.431928259089628e+02
34 167 -4.859906672046191e+02
34 168 -3.777408836461634e+02
34 169 -3.085357616669019e+02
34 170 -2.681540147946965e+02
34 171 -2.496378310788914e+02
34 226 -2.541748168062170e+02
34 227 -2.369779136990108e+02
34 228 -2.088032783475078e+02
34 229 -1.777541041873153e+02
34 230 -1.497704124875112e+02
34 231 -1.275864513775853e+02
34 232 -1.117030448392068e+02
34 233 -1.016508356069023e+02
34 234 -9.681296068498868e+01
35 163 -1.557906817650854e+03
35 164 -1.350888397614685e+03
35 165 -1.054419678838069e+03
35 166 -7.817773521818433e+02
35 167 -5.781801706476442e+02
35 168 -4.417383595334794e+02
35 169 -3.563165521884243e+02
35 170 -3.071908641223830e+02
35 171 -2.848553057492978e+02
35 226 -2.903167232403405e+02
35 227 -2.696559009041458e+02
35 228 -2.360481226141748e+02
35 229 -1.993808802203061e+02
35 230 -1.666924543137945e+02
35 231 -1.410419241572607e+02
35 232 -1.228316030691313e+02
35 233 -1.113784096510094e+02
35 234 -1.058870860464278e+02
36 163 -1.803683571360670e+03
36 164 -1.551001537080487e+03
36 165 -1.194543106324051e+03
36 166 -8.730167855570571e+02
36 167 -6.374486870708147e+02
36 168 -4.821081368418356e+02
36 169 -3.860435908762174e+02
36 170 -3.312631259798876e+02
36 171 -3.064786026796347e+02
36 226 -3.125315100891904e+02
36 227 -2.896586042023723e+02
36 228 -2.526059824277440e+02
36 229 -2.124122004253198e+02
36 230 -1.768026463978692e+02
36 231 -1.490216460686691e+02
36 232 -1.293933587470326e+02
36 233 -1.170917564087816e+02
36 234 -1.112062130731024e+02
37 100 -1.875214593207217e+03
37 101 -1.730857385626374e+03
37 102 -1.498818743487980e+03
37 103 -1.249808244053868e+03
37 104 -1.031749685784701e+03
37 105 -8.634538376624832e+02
37 106 -7.455984400515516e+02
37 107 -6.722130378543866e+02
37 108 -6.372400495496646e+02
37 127 -6.626758042696414e+02
37 128 -6.283883131647560e+02
37 129 -5.703593861252671e+02
37 130 -5.034042185411838e+02
37 131 -4.399152273596404e+02
37 132 -3.870948761897490e+02
37 133 -3.477040265152328e+02
37 134 -3.220071447431197e+02
37 135 -3.094084671995307e+02
38 100 -2.026958968234969e+03
38 101 -1.866265256986404e+03
38 102 -1.609180300097002e+03
38 103 -1.335079978604864e+03
38 104 -1.096720657356302e+03
38 105 -9.139375695751897e+02
38 106 -7.866115514805227e+02
38 107 -7.076334997204448e+02
38 108 -6.700823581497979e+02
38 127 -6.973874916391821e+02
38 128 -6.605872992673299e+02
38 129 -5.984360133243326e+02
38 130 -5.269383854919138e+02
38 131 -4.593685160820336e+02
38 132 -4.033337719681110e+02
38 133 -3.616604611210839e+02
38 134 -3.345306689243866e+02
38 135 -3.212463524241288e+02
39 100 -2.362389965973710e+03
39 101 -2.163980333657909e+03
39 102 -1.849607080293399e+03
39 103 -1.518851315266989e+03
39 104 -1.235277069371932e+03
39 105 -1.020632735067506e+03
39 106 -8.726927539431827e+02
39 107 -7.816327591622450e+02
39 108 -7.385370745662030e+02
39 127 -7.698608292520822e+02
39 128 -7.276611032571822e+02
39 129 -6.566870545947479e+02
39 130 -5.755235304740637e+02
39 131 -4.993258651509061e+02
39 132 -4.365373227942237e+02
39 133 -3.900936262054902e+02
39 134 -3.599808995889908e+02
39 135 -3.452727498922125e+02
40 100 -2.950717419015133e+03
40 101 -2.681342252360432e+03
40 102 -2.260885088238843e+03
40 103 -1.827490963045520e+03
40 104 -1.463890411205563e+03
40 105 -1.194040505461214e+03
40 106 -1.010994741688824e+03
40 107 -8.996143060351790e+02
40 108 -8.472628048196102e+02
40 127 -8.852905431068602e+02
40 128 -8.340887729851524e+02
40 129 -7.485032169845201e+02
40 130 -6.514830645843684e+02
40 131 -5.612806994918460e+02
40 132 -4.876399321332831e+02
40 133 -4.335967747934762e+02
40 134 -3.987626324596288e+02
40 135 -3.818097302446305e+02
41 100 -3.902319153506661e+03
41 101 -3.506975616748959e+03
41 102 -2.902504030970242e+03
41 103 -2.296563254192874e+03
41 104 -1.802788737847520e+03
41 105 -1.445768636635675e+03
41 106 -1.208600542781177e+03
41 107 -1.066424853434982e+03
41 108 -1.000188949067807e+03
41 127 -1.048263894006156e+03
41 128 -9.835822672581361e+02
41 129 -8.763142550909371e+02
41 130 -7.560641803472511e+02
41 131 -6.456351950588639e+02
41 132 -5.565323391800148e+02
41 133 -4.917852936655349e+02
41 134 -4.503577579145714e+02
41 135 -4.302864947716844e+02
42 100 -5.345888085958337e+03
42 101 -4.737549064776493e+03
42 102 -3.831110691687742e+03
42 103 -2.953179454461659e+03
42 104 -2.262580830692423e+03
42 105 -1.778551457626303e+03
42 106 -1.464813079544667e+03
42 107 -1.279970424612407e+03
42 108 -1.194734163325080e+03
42 127 -1.256543083877371e+03
42 128 -1.173454010484044e+03
42 129 -1.036897582387275e+03
42 130 -8.857468099070314e+02
42 131 -7.488639282292589e+02
42 132 -6.398605511468007e+02
42 133 -5.615217592749217e+02
42 134 -5.118054541360788e+02
42 135 -4.878379044359882e+02
43 100 -7.317023524682052e+03
43 101 -6.383196319293265e+03
43 102 -5.031147086146988e+03
43 103 -3.769985340508684e+03
43 104 -2.814832005713082e+03
43 105 -2.166979037144105e+03
43 106 -1.757612875198001e+03
43 107 -1.520677920320649e+03
43 108 -1.412550957935134e+03
43 127 -1.490886114306899e+03
43 128 -1.385671263409127e+03
43 129 -1.214316039685789e+03
43 130 -1.027044291768042e+03
43 131 -8.597858986976537e+02
43 132 -7.283129281165164e+02
43 133 -6.348419924070901e+02
43 134 -5.759928774566611e+02
43 135 -5.477593218561533e+02
44 100 -9.503231277515253e+03
44 101 -8.170194622707234e+03
44 102 -6.290386615628129e+03
44 103 -4.595610922291185e+03
44 104 -3.354508789434319e+03
44 105 -2.536414197409889e+03
44 106 -2.030646676802453e+03
44 107 -1.742294182285274e+03
44 108 -1.611849440900473e+03
44 127 -1.706279427316851e+03
44 128 -1.579537869618796e+03
44 129 -1.374683878336056e+03
44 130 -1.153153404034721e+03
44 131 -9.575481408155945e+02
44 132 -8.054213782683447e+02
44 133 -6.982151391788542e+02
44 134 -6.311526429035280e+02
44 135 -5.991040264672794e+02
45 100 -1.105347322826421e+04
45 101 -9.416691958996571e+03
45 102 -7.145959681498171e+03
45 103 -5.140934461915783e+03
45 104 -3.702122576585435e+03
45 105 -2.769688470575545e+03
45 106 -2.200593700681703e+03
45 107 -1.878975758420800e+03
45 108 -1.734219384986952e+03
45 127 -1.838962260127833e+03
45 128 -1.698437126483816e+03
45 129 -1.472295946378348e+03
45 130 -1.229224240033788e+03
45 131 -1.015998103623359e+03
45 132 -8.511688414898261e+02
45 133 -7.355893501902642e+02
45 134 -6.635521292324264e+02
45 135 -6.292018074604183e+02
64 127 -1.733190400658708e+03
64 128 -1.603684467943636e+03
64 129 -1.394551574360514e+03
64 130 -1.168677565678393e+03
64 131 -9.695072463564453e+02
64 132 -8.148024630667954e+02
64 133 -7.058924559832883e+02
64 134 -6.378158089920685e+02
64 135 -6.052974323170218e+02
65 127 -1.877824568765013e+03
65 128 -1.733190400658708e+03
65 129 -1.500725861549674e+03
65 130 -1.251286952144482e+03
65 131 -1.032880208377978e+03
65 132 -8.643348602446098e+02
65 133 -7.463158073460694e+02
65 134 -6.728335244699305e+02
65 135 -6.378158089920685e+02
66 127 -2.199157547087194e+03
66 128 -2.019368486704434e+03
66 129 -1.733190400658708e+03
66 130 -1.430197816180118e+03
66 131 -1.168677565678393e+03
66 132 -9.695072463564451e+02
66 133 -8.315436028021828e+02
66 134 -7.463158073460691e+02
66 135 -7.058924559832883e+02
67 127 -2.767706810094291e+03
67 128 -2.521021940438006e+03
67 129 -2.134265778758333e+03
67 130 -1.733190400658708e+03
67 131 -1.394551574360514e+03
67 132 -1.141773184361047e+03
67 133 -9.695072463564453e+02
67 134 -8.643348602446098e+02
67 135 -8.148024630667958e+02
68 127 -3.699147964795167e+03
68 128 -3.331754877699592e+03
68 129 -2.767706810094291e+03
68 130 -2.199157547087194e+03
68 131 -1.733190400658708e+03
68 132 -1.394551574360513e+03
68 133 -1.168677565678393e+03
68 134 -1.032880208377977e+03
68 135 -9.695072463564453e+02
69 127 -5.136224430633841e+03
69 128 -4.560278038130803e+03
69 129 -3.699147964795168e+03
69 130 -2.861294172280328e+03
69 131 -2.199157547087194e+03
69 132 -1.733190400658708e+03
69 133 -1.430197816180119e+03
69 134 -1.251286952144482e+03
69 135 -1.168677565678393e+03
70 127 -7.138491575686247e+03
70 128 -6.235592529048596e+03
70 129 -4.925216936196723e+03
70 130 -3.699147964795167e+03
70 131 -2.767706810094291e+03
70 132 -2.134265778758331e+03
70 133 -1.733190400658708e+03
70 134 -1.500725861549673e+03
70 135 -1.394551574360514e+03
71 127 -9.405703259334579e+03
71 128 -8.091232579773138e+03
71 129 -6.235592529048596e+03
71 130 -4.560278038130800e+03
71 131 -3.331754877699592e+03
71 132 -2.521021940438005e+03
71 133 -2.019368486704434e+03
71 134 -1.733190400658708e+03
71 135 -1.603684467943636e+03
72 127 -1.103972130715913e+04
72 128 -9.405703259334579e+03
72 129 -7.138491575686247e+03
72 130 -5.136224430633838e+03
72 131 -3.699147964795167e+03
72 132 -2.767706810094289e+03
72 133 -2.199157547087194e+03
72 134 -1.877824568765012e+03
72 135 -1.733190400658708e+03
91 226 -3.063876713483004e+02
91 227 -2.841326260213859e+02
91 228 -2.480403651673274e+02
91 229 -2.088271183655455e+02
91 230 -1.740274317161708e+02
91 231 -1.468355065336025e+02
91 232 -1.275984131219178e+02
91 233 -1.155304899028561e+02
91 234 -1.097534196790493e+02
92 226 -3.311617365195742e+02
92 227 -3.063876713483004e+02
92 228 -2.663884709281895e+02
92 229 -2.231981844606888e+02
92 230 -1.851243485745372e+02
92 231 -1.555580782497810e+02
92 232 -1.347481526436476e+02
92 233 -1.217424124188380e+02
92 234 -1.155304899028561e+02
93 226 -3.859179776157598e+02
93 227 -3.553280674768354e+02
93 228 -3.063876713483004e+02
93 229 -2.542062119667732e+02
93 230 -2.088271183655455e+02
93 231 -1.740274317161707e+02
93 232 -1.497853840269158e+02
93 233 -1.347481526436476e+02
93 234 -1.275984131219178e+02
94 226 -4.819366867771671e+02
94 227 -4.404031329187425e+02
94 228 -3.748904053829397e+02
94 229 -3.063876713483004e+02
94 230 -2.480403651673274e+02
94 231 -2.041390437321798e+02
94 232 -1.740274317161708e+02
94 233 -1.555580782497811e+02
94 234 -1.468355065336025e+02
95 226 -6.371952057562397e+02
95 227 -5.762343277298875e+02
95 228 -4.819366867771671e+02
95 229 -3.859179776157598e+02
95 230 -3.063876713483004e+02
95 231 -2.480403651673273e+02
95 232 -2.088271183655455e+02
95 233 -1.851243485745372e+02
95 234 -1.740274317161708e+02
96 226 -8.726231103602333e+02
96 227 -7.788097592344265e+02
96 228 -6.371952057562399e+02
96 229 -4.976453857371588e+02
96 230 -3.859179776157599e+02
96 231 -3.063876713483004e+02
96 232 -2.542062119667733e+02
96 233 -2.231981844606889e+02
96 234 -2.088271183655455e+02
97 226 -1.193932486839835e+03
97 227 -1.049909849375152e+03
97 228 -8.383319685358460e+02
97 229 -6.371952057562395e+02
97 230 -4.819366867771669e+02
97 231 -3.748904053829394e+02
97 232 -3.063876713483004e+02
97 233 -2.663884709281895e+02
97 234 -2.480403651673273e+02
98 226 -1.550121445008506e+03
98 227 -1.344510568096307e+03
98 228 -1.049909849375152e+03
98 229 -7.788097592344261e+02
98 230 -5.762343277298875e+02
98 231 -4.404031329187421e+02
98 232 -3.553280674768354e+02
98 233 -3.063876713483004e+02
98 234 -2.841326260213859e+02
99 226 -1.802596433195452e+03
99 227 -1.550121445008506e+03
99 228 -1.193932486839835e+03
99 229 -8.726231103602329e+02
99 230 -6.371952057562397e+02
99 231 -4.819366867771668e+02
99 232 -3.859179776157598e+02
99 233 -3.311617365195742e+02
99 234 -3.063876713483004e+02
100 37 -1.875214593207217e+03
100 38 -2.026958968234969e+03
100 39 -2.362389965973710e+03
100 40 -2.950717419015133e+03
100 41 -3.902319153506661e+03
100 42 -5.345888085958337e+03
100 43 -7.317023524682052e+03
100 44 -9.503231277515253e+03
100 45 -1.105347322826421e+04
100 172 -1.733190400658708e+03
100 173 -1.603684467943635e+03
100 174 -1.394551574360514e+03
100 175 -1.168677565678394e+03
100 176 -9.695072463564453e+02
100 177 -8.148024630667954e+02
100 178 -7.058924559832883e+02
100 179 -6.378158089920688e+02
100 180 -6.052974323170215e+02
100 199 -6.289529049931516e+02
100 200 -5.970589583440832e+02
100 201 -5.429674662554831e+02
100 202 -4.803677035258847e+02
100 203 -4.208084537187719e+02
100 204 -3.710963518270341e+02
100 205 -3.339204550667993e+02
100 206 -3.096178268240471e+02
100 207 -2.976873911031304e+02
101 37 -1.730857385626374e+03
101 38 -1.866265256986404e+03
101 39 -2.163980333657909e+03
101 40 -2.681342252360432e+03
101 41 -3.506975616748959e+03
101 42 -4.737549064776493e+03
101 43 -6.383196319293265e+03
101 44 -8.170194622707234e+03
101 45 -9.416691958996571e+03
101 172 -1.877824568765012e+03
101 173 -1.733190400658707e+03
101 174 -1.500725861549673e+03
101 175 -1.251286952144482e+03
101 176 -1.032880208377977e+03
101 177 -8.643348602446093e+02
101 178 -7.463158073460691e+02
101 179 -6.728335244699306e+02
101 180 -6.378158089920682e+02
101 199 -6.632839990295106e+02
101 200 -6.289529049931510e+02
101 201 -5.708523475060542e+02
101 202 -5.038180997021785e+02
101 203 -4.402579127124382e+02
101 204 -3.873813675510150e+02
101 205 -3.479505460244111e+02
101 206 -3.222285372305480e+02
101 207 -3.096178268240469e+02
102 37 -1.498818743487980e+03
102 38 -1.609180300097002e+03
102 39 -1.849607080293399e+03
102 40 -2.260885088238843e+03
102 41 -2.902504030970242e+03
102 42 -3.831110691687742e+03
102 43 -5.031147086146988e+03
102 44 -6.290386615628129e+03
102 45 -7.145959681498171e+03
102 172 -2.199157547087194e+03
102 173 -2.019368486704433e+03
102 174 -1.733190400658708e+03
102 175 -1.430197816180119e+03
102 176 -1.168677565678393e+03
102 177 -9.695072463564451e+02
102 178 -8.315436028021828e+02
102 179 -7.463158073460694e+02
102 180 -7.058924559832880e+02
102 199 -7.352796046183671e+02
102 200 -6.956816209337395e+02
102 201 -6.289529049931513e+02
102 202 -5.524312223207843e+02
102 203 -4.803677035258846e+02
102 204 -4.208084537187718e+02
102 205 -3.766415408901786e+02
102 206 -3.479505460244112e+02
102 207 -3.339204550667992e+02
103 37 -1.249808244053868e+03
103 38 -1.335079978604864e+03
103 39 -1.518851315266989e+03
103 40 -1.827490963045520e+03
103 41 -2.296563254192874e+03
103 42 -2.953179454461659e+03
103 43 -3.769985340508684e+03
103 44 -4.595610922291185e+03
103 45 -5.140934461915783e+03
103 172 -2.767706810094291e+03
103 173 -2.521021940438005e+03
103 174 -2.134265778758333e+03
103 175 -1.733190400658709e+03
103 176 -1.394551574360514e+03
103 177 -1.141773184361047e+03
103 178 -9.695072463564453e+02
103 179 -8.643348602446100e+02
103 180 -8.148024630667954e+02
103 199 -8.507888885505203e+02
103 200 -8.023274760830685e+02
103 201 -7.211778000851814e+02
103 202 -6.289529049931516e+02
103 203 -5.429674662554831e+02
103 204 -4.725808574370899e+02
103 205 -4.208084537187719e+02
103 206 -3.873813675510153e+02
103 207 -3.710963518270341e+02
104 37 -1.031749685784701e+03
104 38 -1.096720657356302e+03
104 39 -1.235277069371932e+03
104 40 -1.463890411205563e+03
104 41 -1.802788737847520e+03
104 42 -2.262580830692423e+03
104 43 -2.814832005713082e+03
104 44 -3.354508789434319e+03
104 45 -3.702122576585435e+03
104 172 -3.699147964795167e+03
104 173 -3.331754877699590e+03
104 174 -2.767706810094291e+03
104 175 -2.199157547087195e+03
104 176 -1.733190400658708e+03
104 177 -1.394551574360513e+03
104 178 -1.168677565678393e+03
104 179 -1.032880208377978e+03
104 180 -9.695072463564451e+02
104 199 -1.015511306612465e+03
104 200 -9.536070604341742e+02
104 201 -8.507888885505199e+02
104 202 -7.352796046183671e+02
104 203 -6.289529049931513e+02
104 204 -5.429674662554829e+02
104 205 -4.803677035258846e+02
104 206 -4.402579127124384e+02
104 207 -4.208084537187718e+02
105 37 -8.634538376624832e+02
105 38 -9.139375695751897e+02
105 39 -1.020632735067506e+03
105 40 -1.194040505461214e+03
105 41 -1.445768636635675e+03
105 42 -1.778551457626303e+03
105 43 -2.166979037144105e+03
105 44 -2.536414197409889e+03
105 45 -2.769688470575545e+03
105 172 -5.136224430633843e+03
105 173 -4.560278038130800e+03
105 174 -3.699147964795170e+03
105 175 -2.861294172280330e+03
105 176 -2.199157547087195e+03
105 177 -1.733190400658708e+03
105 178 -1.430197816180119e+03
105 179 -1.251286952144483e+03
105 180 -1.168677565678393e+03
105 199 -1.228588660544048e+03
105 200 -1.148042053110077e+03
105 201 -1.015511306612465e+03
105 202 -8.685786765383772e+02
105 203 -7.352796046183671e+02
105 204 -6.289529049931513e+02
105 205 -5.524312223207843e+02
105 206 -5.038180997021786e+02
105 207 -4.803677035258846e+02
106 37 -7.455984400515516e+02
106 38 -7.866115514805227e+02
106 39 -8.726927539431827e+02
106 40 -1.010994741688824e+03
106 41 -1.208600542781177e+03
106 42 -1.464813079544667e+03
106 43 -1.757612875198001e+03
106 44 -2.030646676802453e+03
106 45 -2.200593700681703e+03
106 172 -7.138491575686247e+03
106 173 -6.235592529048589e+03
106 174 -4.925216936196723e+03
106 175 -3.699147964795170e+03
106 176 -2.767706810094291e+03
106 177 -2.134265778758331e+03
106 178 -1.733190400658708e+03
106 179 -1.500725861549674e+03
106 180 -1.394551574360513e+03
106 199 -1.471477730866024e+03
106 200 -1.368148367306962e+03
106 201 -1.199743197084304e+03
106 202 -1.015511306612465e+03
106 203 -8.507888885505199e+02
106 204 -7.211778000851810e+02
106 205 -6.289529049931513e+02
106 206 -5.708523475060545e+02
106 207 -5.429674662554829e+02
107 37 -6.722130378543866e+02
107 38 -7.076334997204448e+02
107 39 -7.816327591622450e+02
107 40 -8.996143060351790e+02
107 41 -1.066424853434982e+03
107 42 -1.279970424612407e+03
107 43 -1.520677920320649e+03
107 44 -1.742294182285274e+03
107 45 -1.878975758420800e+03
107 172 -9.405703259334579e+03
107 173 -8.091232579773130e+03
107 174 -6.235592529048596e+03
107 175 -4.560278038130805e+03
107 176 -3.331754877699592e+03
107 177 -2.521021940438005e+03
107 178 -2.019368486704434e+03
107 179 -1.733190400658709e+03
107 180 -1.603684467943635e+03
107 199 -1.697437739078445e+03
107 200 -1.571600895131402e+03
107 201 -1.368148367306963e+03
107 202 -1.148042053110077e+03
107 203 -9.536070604341747e+02
107 204 -8.023274760830685e+02
107 205 -6.956816209337397e+02
107 206 -6.289529049931516e+02
107 207 -5.970589583440832e+02
108 37 -6.372400495496646e+02
108 38 -6.700823581497979e+02
108 39 -7.385370745662030e+02
108 40 -8.472628048196102e+02
108 41 -1.000188949067807e+03
108 42 -1.194734163325080e+03
108 43 -1.412550957935134e+03
108 44 -1.611849440900473e+03
108 45 -1.734219384986952e+03
108 172 -1.103972130715913e+04
108 173 -9.405703259334568e+03
108 174 -7.138491575686247e+03
108 175 -5.136224430633843e+03
108 176 -3.699147964795167e+03
108 177 -2.767706810094289e+03
108 178 -2.199157547087194e+03
108 179 -1.877824568765014e+03
108 180 -1.733190400658707e+03
108 199 -1.837845240586530e+03
108 200 -1.697437739078443e+03
108 201 -1.471477730866023e+03
108 202 -1.228588660544047e+03
108 203 -1.015511306612465e+03
108 204 -8.507888885505196e+02
108 205 -7.352796046183668e+02
108 206 -6.632839990295106e+02
108 207 -6.289529049931510e+02
127 37 -6.626758042696414e+02
127 38 -6.973874916391821e+02
127 39 -7.698608292520822e+02
127 40 -8.852905431068602e+02
127 41 -1.048263894006156e+03
127 42 -1.256543083877371e+03
127 43 -1.490886114306899e+03
127 44 -1.706279427316851e+03
127 45 -1.838962260127833e+03
127 64 -1.733190400658708e+03
127 65 -1.877824568765013e+03
127 66 -2.199157547087194e+03
127 67 -2.767706810094291e+03
127 68 -3.699147964795167e+03
127 69 -5.136224430633841e+03
127 70 -7.138491575686247e+03
127 71 -9.405703259334579e+03
127 72 -1.103972130715913e+04
127 199 -1.733190400658709e+03
127 200 -1.603684467943635e+03
127 201 -1.394551574360514e+03
127 202 -1.168677565678394e+03
127 203 -9.695072463564453e+02
127 204 -8.148024630667954e+02
127 205 -7.058924559832883e+02
127 206 -6.378158089920688e+02
127 207 -6.052974323170215e+02
128 37 -6.283883131647560e+02
128 38 -6.605872992673299e+02
128 39 -7.276611032571822e+02
128 40 -8.340887729851524e+02
128 41 -9.835822672581361e+02
128 42 -1.173454010484044e+03
128 43 -1.385671263409127e+03
128 44 -1.579537869618796e+03
128 45 -1.698437126483816e+03
128 64 -1.603684467943636e+03
128 65 -1.733190400658708e+03
128 66 -2.019368486704434e+03
128 67 -2.521021940438006e+03
128 68 -3.331754877699592e+03
128 69 -4.560278038130803e+03
128 70 -6.235592529048596e+03
128 71 -8.091232579773138e+03
128 72 -9.405703259334579e+03
128 199 -1.877824568765014e+03
128 200 -1.733190400658707e+03
128 201 -1.500725861549673e+03
128 202 -1.251286952144482e+03
128 203 -1.032880208377977e+03
128 204 -8.643348602446093e+02
128 205 -7.463158073460691e+02
128 206 -6.728335244699306e+02
128 207 -6.378158089920682e+02
129 37 -5.703593861252671e+02
129 38 -5.984360133243326e+02
129 39 -6.566870545947479e+02
129 40 -7.485032169845201e+02
129 41 -8.763142550909371e+02
129 42 -1.036897582387275e+03
129 43 -1.214316039685789e+03
129 44 -1.374683878336056e+03
129 45 -1.472295946378348e+03
129 64 -1.394551574360514e+03
129 65 -1.500725861549674e+03
129 66 -1.733190400658708e+03
129 67 -2.134265778758333e+03
129 68 -2.767706810094291e+03
129 69 -3.699147964795168e+03
129 70 -4.925216936196723e+03
129 71 -6.235592529048596e+03
129 72 -7.138491575686247e+03
129 199 -2.199157547087195e+03
129 200 -2.019368486704433e+03
129 201 -1.733190400658708e+03
129 202 -1.430197816180119e+03
129 203 -1.168677565678393e+03
129 204 -9.695072463564451e+02
129 205 -8.315436028021828e+02
129 206 -7.463158073460694e+02
129 207 -7.058924559832880e+02
130 37 -5.034042185411838e+02
130 38 -5.269383854919138e+02
130 39 -5.755235304740637e+02
130 40 -6.514830645843684e+02
130 41 -7.560641803472511e+02
130 42 -8.857468099070314e+02
130 43 -1.027044291768042e+03
130 44 -1.153153404034721e+03
130 45 -1.229224240033788e+03
130 64 -1.168677565678393e+03
130 65 -1.251286952144482e+03
130 66 -1.430197816180118e+03
130 67 -1.733190400658708e+03
130 68 -2.199157547087194e+03
130 69 -2.861294172280328e+03
130 70 -3.699147964795167e+03
130 71 -4.560278038130800e+03
130 72 -5.136224430633838e+03
130 199 -2.767706810094292e+03
130 200 -2.521021940438005e+03
130 201 -2.134265778758333e+03
130 202 -1.733190400658709e+03
130 203 -1.394551574360514e+03
130 204 -1.141773184361047e+03
130 205 -9.695072463564453e+02
130 206 -8.643348602446100e+02
130 207 -8.148024630667954e+02
131 37 -4.399152273596404e+02
