%%MatrixMarket matrix coordinate real general
%
1023 1023 48545
1 1 2.280359758630371e-01
1 2 -3.212690241085394e-02
1 3 -3.171121722621553e-02
1 4 -1.245387971996821e-02
1 5 -7.062023796347348e-03
1 6 -4.627742817016036e-03
1 7 -3.296642098261394e-03
1 8 -2.481696311300899e-03
1 9 -1.943371691484650e-03
1 10 -1.567661095276459e-03
1 11 -1.294238597652441e-03
1 12 -1.088587062215783e-03
1 13 -9.297263377348934e-04
1 14 -8.042738356869154e-04
1 15 -7.033492055059644e-04
1 16 -6.208620390765812e-04
1 17 -5.525168117597029e-04
1 18 -4.952101543643848e-04
1 19 -4.466526110464371e-04
1 20 -4.051238930887110e-04
1 21 -3.693102175529134e-04
1 22 -3.381936186597391e-04
1 23 -3.109750288993221e-04
1 24 -2.870198139504577e-04
1 25 -2.658185490703001e-04
1 26 -2.469583362333544e-04
1 27 -2.301015345676747e-04
1 28 -2.149697865524719e-04
1 29 -2.013318804156473e-04
1 30 -1.889944272727386e-04
1 31 -1.777946291725828e-04
1 32 -1.675946170023978e-04
2 2 2.280359758633418e-01
2 1 -3.212690241085394e-02
2 3 -3.212690241103969e-02
2 4 -3.171121722621543e-02
2 5 -1.245387971996832e-02
2 6 -7.062023796347400e-03
2 7 -4.627742817016061e-03
2 8 -3.296642098261378e-03
2 9 -2.481696311300896e-03
2 10 -1.943371691484647e-03
2 11 -1.567661095276463e-03
2 12 -1.294238597652441e-03
2 13 -1.088587062215786e-03
2 14 -9.297263377348946e-04
2 15 -8.042738356869154e-04
2 16 -7.033492055059661e-04
2 17 -6.208620390765817e-04
2 18 -5.525168117597035e-04
2 19 -4.952101543643853e-04
2 20 -4.466526110464370e-04
2 21 -4.051238930887117e-04
2 22 -3.693102175529137e-04
2 23 -3.381936186597391e-04
2 24 -3.109750288993225e-04
2 25 -2.870198139504579e-04
2 26 -2.658185490702999e-04
2 27 -2.469583362333543e-04
2 28 -2.301015345676739e-04
2 29 -2.149697865524715e-04
2 30 -2.013318804156473e-04
2 31 -1.889944272727381e-04
2 32 -1.777946291725828e-04
3 3 2.280359758638520e-01
3 1 -3.171121722621553e-02
3 2 -3.212690241103969e-02
3 4 -3.212690241133812e-02
3 5 -3.171121722621585e-02
3 6 -1.245387971996840e-02
3 7 -7.062023796347391e-03
3 8 -4.627742817016023e-03
3 9 -3.296642098261373e-03
3 10 -2.481696311300888e-03
3 11 -1.943371691484644e-03
3 12 -1.567661095276459e-03
3 13 -1.294238597652442e-03
3 14 -1.088587062215785e-03
3 15 -9.297263377348922e-04
3 16 -8.042738356869155e-04
3 17 -7.033492055059652e-04
3 18 -6.208620390765812e-04
3 19 -5.525168117597029e-04
3 20 -4.952101543643844e-04
3 21 -4.466526110464372e-04
3 22 -4.051238930887113e-04
3 23 -3.693102175529132e-04
3 24 -3.381936186597391e-04
3 25 -3.109750288993223e-04
3 26 -2.870198139504577e-04
3 27 -2.658185490703001e-04
3 28 -2.469583362333542e-04
3 29 -2.301015345676743e-04
3 30 -2.149697865524723e-04
3 31 -2.013318804156473e-04
3 32 -1.889944272727386e-04
4 4 2.280359758645059e-01
4 1 -1.245387971996821e-02
4 2 -3.171121722621543e-02
4 3 -3.212690241133812e-02
4 5 -3.212690241169761e-02
4 6 -3.171121722621577e-02
4 7 -1.245387971996837e-02
4 8 -7.062023796347356e-03
4 9 -4.627742817016035e-03
4 10 -3.296642098261371e-03
4 11 -2.481696311300896e-03
4 12 -1.943371691484652e-03
4 13 -1.567661095276465e-03
4 14 -1.294238597652446e-03
4 15 -1.088587062215787e-03
4 16 -9.297263377348959e-04
4 17 -8.042738356869173e-04
4 18 -7.033492055059670e-04
4 19 -6.208620390765825e-04
4 20 -5.525168117597036e-04
4 21 -4.952101543643858e-04
4 22 -4.466526110464379e-04
4 23 -4.051238930887116e-04
4 24 -3.693102175529140e-04
4 25 -3.381936186597396e-04
4 26 -3.109750288993227e-04
4 27 -2.870198139504582e-04
4 28 -2.658185490702999e-04
4 29 -2.469583362333541e-04
4 30 -2.301015345676743e-04
4 31 -2.149697865524715e-04
4 32 -2.013318804156473e-04
5 5 2.280359758651557e-01
5 1 -7.062023796347348e-03
5 2 -1.245387971996832e-02
5 3 -3.171121722621585e-02
5 4 -3.212690241169761e-02
5 6 -3.212690241202398e-02
5 7 -3.171121722621588e-02
5 8 -1.245387971996840e-02
5 9 -7.062023796347408e-03
5 10 -4.627742817016043e-03
5 11 -3.296642098261389e-03
5 12 -2.481696311300903e-03
5 13 -1.943371691484647e-03
5 14 -1.567661095276462e-03
5 15 -1.294238597652439e-03
5 16 -1.088587062215785e-03
5 17 -9.297263377348936e-04
5 18 -8.042738356869155e-04
5 19 -7.033492055059654e-04
5 20 -6.208620390765803e-04
5 21 -5.525168117597029e-04
5 22 -4.952101543643848e-04
5 23 -4.466526110464367e-04
5 24 -4.051238930887113e-04
5 25 -3.693102175529134e-04
5 26 -3.381936186597391e-04
5 27 -3.109750288993223e-04
5 28 -2.870198139504576e-04
5 29 -2.658185490703000e-04
5 30 -2.469583362333547e-04
5 31 -2.301015345676743e-04
5 32 -2.149697865524723e-04
6 6 2.280359758660319e-01
6 1 -4.627742817016036e-03
6 2 -7.062023796347400e-03
6 3 -1.245387971996840e-02
6 4 -3.171121722621577e-02
6 5 -3.212690241202398e-02
6 7 -3.212690241255892e-02
6 8 -3.171121722621573e-02
6 9 -1.245387971996824e-02
6 10 -7.062023796347377e-03
6 11 -4.627742817016051e-03
6 12 -3.296642098261389e-03
6 13 -2.481696311300895e-03
6 14 -1.943371691484651e-03
6 15 -1.567661095276459e-03
6 16 -1.294238597652442e-03
6 17 -1.088587062215785e-03
6 18 -9.297263377348934e-04
6 19 -8.042738356869154e-04
6 20 -7.033492055059644e-04
6 21 -6.208620390765812e-04
6 22 -5.525168117597029e-04
6 23 -4.952101543643844e-04
6 24 -4.466526110464372e-04
6 25 -4.051238930887113e-04
6 26 -3.693102175529134e-04
6 27 -3.381936186597391e-04
6 28 -3.109750288993221e-04
6 29 -2.870198139504577e-04
6 30 -2.658185490702999e-04
6 31 -2.469583362333540e-04
6 32 -2.301015345676743e-04
7 7 2.280359758672494e-01
7 1 -3.296642098261394e-03
7 2 -4.627742817016061e-03
7 3 -7.062023796347391e-03
7 4 -1.245387971996837e-02
7 5 -3.171121722621588e-02
7 6 -3.212690241255892e-02
7 8 -3.212690241324412e-02
7 9 -3.171121722621544e-02
7 10 -1.245387971996826e-02
7 11 -7.062023796347393e-03
7 12 -4.627742817016041e-03
7 13 -3.296642098261362e-03
7 14 -2.481696311300892e-03
7 15 -1.943371691484645e-03
7 16 -1.567661095276462e-03
7 17 -1.294238597652444e-03
7 18 -1.088587062215786e-03
7 19 -9.297263377348946e-04
7 20 -8.042738356869154e-04
7 21 -7.033492055059661e-04
7 22 -6.208620390765817e-04
7 23 -5.525168117597029e-04
7 24 -4.952101543643853e-04
7 25 -4.466526110464375e-04
7 26 -4.051238930887117e-04
7 27 -3.693102175529137e-04
7 28 -3.381936186597391e-04
7 29 -3.109750288993225e-04
7 30 -2.870198139504579e-04
7 31 -2.658185490702999e-04
7 32 -2.469583362333547e-04
8 8 2.280359758687939e-01
8 1 -2.481696311300899e-03
8 2 -3.296642098261378e-03
8 3 -4.627742817016023e-03
8 4 -7.062023796347356e-03
8 5 -1.245387971996840e-02
8 6 -3.171121722621573e-02
8 7 -3.212690241324412e-02
8 9 -3.212690241410909e-02
8 10 -3.171121722621575e-02
8 11 -1.245387971996844e-02
8 12 -7.062023796347378e-03
8 13 -4.627742817016029e-03
8 14 -3.296642098261389e-03
8 15 -2.481696311300900e-03
8 16 -1.943371691484648e-03
8 17 -1.567661095276462e-03
8 18 -1.294238597652441e-03
8 19 -1.088587062215785e-03
8 20 -9.297263377348921e-04
8 21 -8.042738356869155e-04
8 22 -7.033492055059652e-04
8 23 -6.208620390765803e-04
8 24 -5.525168117597029e-04
8 25 -4.952101543643848e-04
8 26 -4.466526110464372e-04
8 27 -4.051238930887112e-04
8 28 -3.693102175529131e-04
8 29 -3.381936186597391e-04
8 30 -3.109750288993222e-04
8 31 -2.870198139504576e-04
8 32 -2.658185490703001e-04
9 9 2.280359758693062e-01
9 1 -1.943371691484650e-03
9 2 -2.481696311300896e-03
9 3 -3.296642098261373e-03
9 4 -4.627742817016035e-03
9 5 -7.062023796347408e-03
9 6 -1.245387971996824e-02
9 7 -3.171121722621544e-02
9 8 -3.212690241410909e-02
9 10 -3.212690241376354e-02
9 11 -3.171121722621601e-02
9 12 -1.245387971996846e-02
9 13 -7.062023796347385e-03
9 14 -4.627742817016041e-03
9 15 -3.296642098261383e-03
9 16 -2.481696311300895e-03
9 17 -1.943371691484649e-03
9 18 -1.567661095276461e-03
9 19 -1.294238597652441e-03
9 20 -1.088587062215783e-03
9 21 -9.297263377348934e-04
9 22 -8.042738356869154e-04
9 23 -7.033492055059644e-04
9 24 -6.208620390765812e-04
9 25 -5.525168117597029e-04
9 26 -4.952101543643848e-04
9 27 -4.466526110464371e-04
9 28 -4.051238930887110e-04
9 29 -3.693102175529134e-04
9 30 -3.381936186597391e-04
9 31 -3.109750288993221e-04
9 32 -2.870198139504577e-04
10 10 2.280359758688293e-01
10 1 -1.567661095276459e-03
10 2 -1.943371691484647e-03
10 3 -2.481696311300888e-03
10 4 -3.296642098261371e-03
10 5 -4.627742817016043e-03
10 6 -7.062023796347377e-03
10 7 -1.245387971996826e-02
10 8 -3.171121722621575e-02
10 9 -3.212690241376354e-02
10 11 -3.212690241361266e-02
10 12 -3.171121722621586e-02
10 13 -1.245387971996831e-02
10 14 -7.062023796347398e-03
10 15 -4.627742817016067e-03
10 16 -3.296642098261384e-03
10 17 -2.481696311300899e-03
10 18 -1.943371691484649e-03
10 19 -1.567661095276464e-03
10 20 -1.294238597652441e-03
10 21 -1.088587062215786e-03
10 22 -9.297263377348946e-04
10 23 -8.042738356869154e-04
10 24 -7.033492055059661e-04
10 25 -6.208620390765817e-04
10 26 -5.525168117597035e-04
10 27 -4.952101543643853e-04
10 28 -4.466526110464370e-04
10 29 -4.051238930887117e-04
10 30 -3.693102175529137e-04
10 31 -3.381936186597391e-04
10 32 -3.109750288993225e-04
11 11 2.280359758686143e-01
11 1 -1.294238597652441e-03
11 2 -1.567661095276463e-03
11 3 -1.943371691484644e-03
11 4 -2.481696311300896e-03
11 5 -3.296642098261389e-03
11 6 -4.627742817016051e-03
11 7 -7.062023796347393e-03
11 8 -1.245387971996844e-02
11 9 -3.171121722621601e-02
11 10 -3.212690241361266e-02
11 12 -3.212690241354124e-02
11 13 -3.171121722621553e-02
11 14 -1.245387971996828e-02
11 15 -7.062023796347424e-03
11 16 -4.627742817016028e-03
11 17 -3.296642098261373e-03
11 18 -2.481696311300888e-03
11 19 -1.943371691484649e-03
11 20 -1.567661095276458e-03
11 21 -1.294238597652442e-03
11 22 -1.088587062215785e-03
11 23 -9.297263377348922e-04
11 24 -8.042738356869155e-04
11 25 -7.033492055059652e-04
11 26 -6.208620390765812e-04
11 27 -5.525168117597029e-04
11 28 -4.952101543643844e-04
11 29 -4.466526110464372e-04
11 30 -4.051238930887113e-04
11 31 -3.693102175529132e-04
11 32 -3.381936186597391e-04
12 12 2.280359758685103e-01
12 1 -1.088587062215783e-03
12 2 -1.294238597652441e-03
12 3 -1.567661095276459e-03
12 4 -1.943371691484652e-03
12 5 -2.481696311300903e-03
12 6 -3.296642098261389e-03
12 7 -4.627742817016041e-03
12 8 -7.062023796347378e-03
12 9 -1.245387971996846e-02
12 10 -3.171121722621586e-02
12 11 -3.212690241354124e-02
12 13 -3.212690241350556e-02
12 14 -3.171121722621576e-02
12 15 -1.245387971996837e-02
12 16 -7.062023796347389e-03
12 17 -4.627742817016036e-03
12 18 -3.296642098261371e-03
12 19 -2.481696311300904e-03
12 20 -1.943371691484649e-03
12 21 -1.567661095276463e-03
12 22 -1.294238597652443e-03
12 23 -1.088587062215785e-03
12 24 -9.297263377348947e-04
12 25 -8.042738356869164e-04
12 26 -7.033492055059661e-04
12 27 -6.208620390765817e-04
12 28 -5.525168117597029e-04
12 29 -4.952101543643853e-04
12 30 -4.466526110464375e-04
12 31 -4.051238930887112e-04
12 32 -3.693102175529137e-04
13 13 2.280359758684573e-01
13 1 -9.297263377348934e-04
13 2 -1.088587062215786e-03
13 3 -1.294238597652442e-03
13 4 -1.567661095276465e-03
13 5 -1.943371691484647e-03
13 6 -2.481696311300895e-03
13 7 -3.296642098261362e-03
13 8 -4.627742817016029e-03
13 9 -7.062023796347385e-03
13 10 -1.245387971996831e-02
13 11 -3.171121722621553e-02
13 12 -3.212690241350556e-02
13 14 -3.212690241348738e-02
13 15 -3.171121722621582e-02
13 16 -1.245387971996847e-02
13 17 -7.062023796347412e-03
13 18 -4.627742817016041e-03
13 19 -3.296642098261401e-03
13 20 -2.481696311300899e-03
13 21 -1.943371691484647e-03
13 22 -1.567661095276461e-03
13 23 -1.294238597652439e-03
13 24 -1.088587062215785e-03
13 25 -9.297263377348934e-04
13 26 -8.042738356869155e-04
13 27 -7.033492055059652e-04
13 28 -6.208620390765803e-04
13 29 -5.525168117597029e-04
13 30 -4.952101543643848e-04
13 31 -4.466526110464367e-04
13 32 -4.051238930887112e-04
14 14 2.280359758684299e-01
14 1 -8.042738356869154e-04
14 2 -9.297263377348946e-04
14 3 -1.088587062215785e-03
14 4 -1.294238597652446e-03
14 5 -1.567661095276462e-03
14 6 -1.943371691484651e-03
14 7 -2.481696311300892e-03
14 8 -3.296642098261389e-03
14 9 -4.627742817016041e-03
14 10 -7.062023796347398e-03
14 11 -1.245387971996828e-02
14 12 -3.171121722621576e-02
14 13 -3.212690241348738e-02
14 15 -3.212690241347731e-02
14 16 -3.171121722621593e-02
14 17 -1.245387971996845e-02
14 18 -7.062023796347349e-03
14 19 -4.627742817016041e-03
14 20 -3.296642098261372e-03
14 21 -2.481696311300888e-03
14 22 -1.943371691484646e-03
14 23 -1.567661095276458e-03
14 24 -1.294238597652442e-03
14 25 -1.088587062215785e-03
14 26 -9.297263377348934e-04
14 27 -8.042738356869154e-04
14 28 -7.033492055059644e-04
14 29 -6.208620390765812e-04
14 30 -5.525168117597029e-04
14 31 -4.952101543643844e-04
14 32 -4.466526110464371e-04
15 15 2.280359758684157e-01
15 1 -7.033492055059644e-04
15 2 -8.042738356869154e-04
15 3 -9.297263377348922e-04
15 4 -1.088587062215787e-03
15 5 -1.294238597652439e-03
15 6 -1.567661095276459e-03
15 7 -1.943371691484645e-03
15 8 -2.481696311300900e-03
15 9 -3.296642098261383e-03
15 10 -4.627742817016067e-03
15 11 -7.062023796347424e-03
15 12 -1.245387971996837e-02
15 13 -3.171121722621582e-02
15 14 -3.212690241347731e-02
15 16 -3.212690241347290e-02
15 17 -3.171121722621593e-02
15 18 -1.245387971996821e-02
15 19 -7.062023796347384e-03
15 20 -4.627742817016041e-03
15 21 -3.296642098261368e-03
15 22 -2.481696311300892e-03
15 23 -1.943371691484646e-03
15 24 -1.567661095276463e-03
15 25 -1.294238597652444e-03
15 26 -1.088587062215786e-03
15 27 -9.297263377348946e-04
15 28 -8.042738356869154e-04
15 29 -7.033492055059661e-04
15 30 -6.208620390765817e-04
15 31 -5.525168117597029e-04
15 32 -4.952101543643853e-04
16 16 2.280359758684087e-01
16 1 -6.208620390765812e-04
16 2 -7.033492055059661e-04
16 3 -8.042738356869155e-04
16 4 -9.297263377348959e-04
16 5 -1.088587062215785e-03
16 6 -1.294238597652442e-03
16 7 -1.567661095276462e-03
16 8 -1.943371691484648e-03
16 9 -2.481696311300895e-03
16 10 -3.296642098261384e-03
16 11 -4.627742817016028e-03
16 12 -7.062023796347389e-03
16 13 -1.245387971996847e-02
16 14 -3.171121722621593e-02
16 15 -3.212690241347290e-02
16 17 -3.212690241347104e-02
16 18 -3.171121722621516e-02
16 19 -1.245387971996814e-02
16 20 -7.062023796347391e-03
16 21 -4.627742817016030e-03
16 22 -3.296642098261383e-03
16 23 -2.481696311300900e-03
16 24 -1.943371691484653e-03
16 25 -1.567661095276460e-03
16 26 -1.294238597652441e-03
16 27 -1.088587062215785e-03
16 28 -9.297263377348921e-04
16 29 -8.042738356869155e-04
16 30 -7.033492055059652e-04
16 31 -6.208620390765803e-04
16 32 -5.525168117597029e-04
17 17 2.280359758684081e-01
17 1 -5.525168117597029e-04
17 2 -6.208620390765817e-04
17 3 -7.033492055059652e-04
17 4 -8.042738356869173e-04
17 5 -9.297263377348936e-04
17 6 -1.088587062215785e-03
17 7 -1.294238597652444e-03
17 8 -1.567661095276462e-03
17 9 -1.943371691484649e-03
17 10 -2.481696311300899e-03
17 11 -3.296642098261373e-03
17 12 -4.627742817016036e-03
17 13 -7.062023796347412e-03
17 14 -1.245387971996845e-02
17 15 -3.171121722621593e-02
17 16 -3.212690241347104e-02
17 18 -3.212690241347185e-02
17 19 -3.171121722621537e-02
17 20 -1.245387971996830e-02
17 21 -7.062023796347349e-03
17 22 -4.627742817016018e-03
17 23 -3.296642098261383e-03
17 24 -2.481696311300903e-03
17 25 -1.943371691484646e-03
17 26 -1.567661095276460e-03
17 27 -1.294238597652441e-03
17 28 -1.088587062215783e-03
17 29 -9.297263377348934e-04
17 30 -8.042738356869153e-04
17 31 -7.033492055059643e-04
17 32 -6.208620390765810e-04
17 33 -5.525168117597019e-04
17 34 -4.952101543643848e-04
17 35 -4.466526110464371e-04
17 36 -4.051238930887109e-04
17 37 -3.693102175529134e-04
17 38 -3.381936186597391e-04
17 39 -3.109750288993220e-04
17 40 -2.870198139504577e-04
17 41 -2.658185490702999e-04
17 42 -2.469583362333543e-04
17 43 -2.301015345676743e-04
17 44 -2.149697865524723e-04
17 45 -2.013318804156473e-04
17 46 -1.889944272727386e-04
17 47 -1.777946291725828e-04
17 48 -1.675946170023978e-04
18 18 2.280359758684144e-01
18 1 -4.952101543643848e-04
18 2 -5.525168117597035e-04
18 3 -6.208620390765812e-04
18 4 -7.033492055059670e-04
18 5 -8.042738356869155e-04
18 6 -9.297263377348934e-04
18 7 -1.088587062215786e-03
18 8 -1.294238597652441e-03
18 9 -1.567661095276461e-03
18 10 -1.943371691484649e-03
18 11 -2.481696311300888e-03
18 12 -3.296642098261371e-03
18 13 -4.627742817016041e-03
18 14 -7.062023796347349e-03
18 15 -1.245387971996821e-02
18 16 -3.171121722621516e-02
18 17 -3.212690241347185e-02
18 19 -3.212690241347770e-02
18 20 -3.171121722621596e-02
18 21 -1.245387971996843e-02
18 22 -7.062023796347378e-03
18 23 -4.627742817016076e-03
18 24 -3.296642098261396e-03
18 25 -2.481696311300896e-03
18 26 -1.943371691484647e-03
18 27 -1.567661095276461e-03
18 28 -1.294238597652439e-03
18 29 -1.088587062215785e-03
18 30 -9.297263377348933e-04
18 31 -8.042738356869143e-04
18 32 -7.033492055059652e-04
18 33 -6.208620390765797e-04
18 34 -5.525168117597028e-04
18 35 -4.952101543643848e-04
18 36 -4.466526110464367e-04
18 37 -4.051238930887113e-04
18 38 -3.693102175529134e-04
18 39 -3.381936186597388e-04
18 40 -3.109750288993222e-04
18 41 -2.870198139504576e-04
18 42 -2.658185490702998e-04
18 43 -2.469583362333540e-04
18 44 -2.301015345676743e-04
18 45 -2.149697865524715e-04
18 46 -2.013318804156473e-04
18 47 -1.889944272727381e-04
18 48 -1.777946291725828e-04
19 19 2.280359758684296e-01
19 1 -4.466526110464371e-04
19 2 -4.952101543643853e-04
19 3 -5.525168117597029e-04
19 4 -6.208620390765825e-04
19 5 -7.033492055059654e-04
19 6 -8.042738356869154e-04
19 7 -9.297263377348946e-04
19 8 -1.088587062215785e-03
19 9 -1.294238597652441e-03
19 10 -1.567661095276464e-03
19 11 -1.943371691484649e-03
19 12 -2.481696311300904e-03
19 13 -3.296642098261401e-03
19 14 -4.627742817016041e-03
19 15 -7.062023796347384e-03
19 16 -1.245387971996814e-02
19 17 -3.171121722621537e-02
19 18 -3.212690241347770e-02
19 20 -3.212690241348731e-02
19 21 -3.171121722621590e-02
19 22 -1.245387971996834e-02
19 23 -7.062023796347403e-03
19 24 -4.627742817016028e-03
19 25 -3.296642098261355e-03
19 26 -2.481696311300880e-03
19 27 -1.943371691484643e-03
19 28 -1.567661095276457e-03
19 29 -1.294238597652442e-03
19 30 -1.088587062215785e-03
19 31 -9.297263377348922e-04
19 32 -8.042738356869154e-04
19 33 -7.033492055059636e-04
19 34 -6.208620390765811e-04
19 35 -5.525168117597029e-04
19 36 -4.952101543643844e-04
19 37 -4.466526110464372e-04
19 38 -4.051238930887113e-04
19 39 -3.693102175529132e-04
19 40 -3.381936186597391e-04
19 41 -3.109750288993221e-04
19 42 -2.870198139504577e-04
19 43 -2.658185490703000e-04
19 44 -2.469583362333546e-04
19 45 -2.301015345676743e-04
19 46 -2.149697865524723e-04
19 47 -2.013318804156473e-04
19 48 -1.889944272727386e-04
20 20 2.280359758684575e-01
20 1 -4.051238930887110e-04
20 2 -4.466526110464370e-04
20 3 -4.952101543643844e-04
20 4 -5.525168117597036e-04
20 5 -6.208620390765803e-04
20 6 -7.033492055059644e-04
20 7 -8.042738356869154e-04
20 8 -9.297263377348921e-04
20 9 -1.088587062215783e-03
20 10 -1.294238597652441e-03
20 11 -1.567661095276458e-03
20 12 -1.943371691484649e-03
20 13 -2.481696311300899e-03
20 14 -3.296642098261372e-03
20 15 -4.627742817016041e-03
20 16 -7.062023796347391e-03
20 17 -1.245387971996830e-02
20 18 -3.171121722621596e-02
20 19 -3.212690241348731e-02
20 21 -3.212690241350596e-02
20 22 -3.171121722621564e-02
20 23 -1.245387971996821e-02
20 24 -7.062023796347362e-03
20 25 -4.627742817016020e-03
20 26 -3.296642098261377e-03
20 27 -2.481696311300904e-03
20 28 -1.943371691484652e-03
20 29 -1.567661095276465e-03
20 30 -1.294238597652443e-03
20 31 -1.088587062215785e-03
20 32 -9.297263377348946e-04
20 33 -8.042738356869142e-04
20 34 -7.033492055059660e-04
20 35 -6.208620390765817e-04
20 36 -5.525168117597029e-04
20 37 -4.952101543643853e-04
20 38 -4.466526110464375e-04
20 39 -4.051238930887112e-04
20 40 -3.693102175529137e-04
20 41 -3.381936186597391e-04
20 42 -3.109750288993225e-04
20 43 -2.870198139504579e-04
20 44 -2.658185490702999e-04
20 45 -2.469583362333540e-04
20 46 -2.301015345676743e-04
20 47 -2.149697865524715e-04
20 48 -2.013318804156473e-04
21 21 2.280359758685103e-01
21 1 -3.693102175529134e-04
21 2 -4.051238930887117e-04
21 3 -4.466526110464372e-04
21 4 -4.952101543643858e-04
21 5 -5.525168117597029e-04
21 6 -6.208620390765812e-04
21 7 -7.033492055059661e-04
21 8 -8.042738356869155e-04
21 9 -9.297263377348934e-04
21 10 -1.088587062215786e-03
21 11 -1.294238597652442e-03
21 12 -1.567661095276463e-03
21 13 -1.943371691484647e-03
21 14 -2.481696311300888e-03
21 15 -3.296642098261368e-03
21 16 -4.627742817016030e-03
21 17 -7.062023796347349e-03
21 18 -1.245387971996843e-02
21 19 -3.171121722621590e-02
21 20 -3.212690241350596e-02
21 22 -3.212690241354119e-02
21 23 -3.171121722621557e-02
21 24 -1.245387971996828e-02
21 25 -7.062023796347391e-03
21 26 -4.627742817016064e-03
21 27 -3.296642098261394e-03
21 28 -2.481696311300905e-03
21 29 -1.943371691484653e-03
21 30 -1.567661095276460e-03
21 31 -1.294238597652439e-03
21 32 -1.088587062215785e-03
21 33 -9.297263377348907e-04
21 34 -8.042738356869153e-04
21 35 -7.033492055059652e-04
21 36 -6.208620390765803e-04
21 37 -5.525168117597029e-04
21 38 -4.952101543643848e-04
21 39 -4.466526110464367e-04
21 40 -4.051238930887112e-04
21 41 -3.693102175529131e-04
21 42 -3.381936186597391e-04
21 43 -3.109750288993222e-04
21 44 -2.870198139504576e-04
21 45 -2.658185490703000e-04
21 46 -2.469583362333547e-04
21 47 -2.301015345676743e-04
21 48 -2.149697865524723e-04
22 22 2.280359758686141e-01
22 1 -3.381936186597391e-04
22 2 -3.693102175529137e-04
22 3 -4.051238930887113e-04
22 4 -4.466526110464379e-04
22 5 -4.952101543643848e-04
22 6 -5.525168117597029e-04
22 7 -6.208620390765817e-04
22 8 -7.033492055059652e-04
22 9 -8.042738356869154e-04
22 10 -9.297263377348946e-04
22 11 -1.088587062215785e-03
22 12 -1.294238597652443e-03
22 13 -1.567661095276461e-03
22 14 -1.943371691484646e-03
22 15 -2.481696311300892e-03
22 16 -3.296642098261383e-03
22 17 -4.627742817016018e-03
22 18 -7.062023796347378e-03
22 19 -1.245387971996834e-02
22 20 -3.171121722621564e-02
22 21 -3.212690241354119e-02
22 23 -3.212690241361239e-02
22 24 -3.171121722621584e-02
22 25 -1.245387971996854e-02
22 26 -7.062023796347430e-03
22 27 -4.627742817016042e-03
22 28 -3.296642098261388e-03
22 29 -2.481696311300903e-03
22 30 -1.943371691484646e-03
22 31 -1.567661095276459e-03
22 32 -1.294238597652441e-03
22 33 -1.088587062215782e-03
22 34 -9.297263377348933e-04
22 35 -8.042738356869154e-04
22 36 -7.033492055059644e-04
22 37 -6.208620390765812e-04
22 38 -5.525168117597029e-04
22 39 -4.952101543643844e-04
22 40 -4.466526110464371e-04
22 41 -4.051238930887110e-04
22 42 -3.693102175529134e-04
22 43 -3.381936186597391e-04
22 44 -3.109750288993221e-04
22 45 -2.870198139504577e-04
22 46 -2.658185490703001e-04
22 47 -2.469583362333543e-04
22 48 -2.301015345676747e-04
23 23 2.280359758688290e-01
23 1 -3.109750288993221e-04
23 2 -3.381936186597391e-04
23 3 -3.693102175529132e-04
23 4 -4.051238930887116e-04
23 5 -4.466526110464367e-04
23 6 -4.952101543643844e-04
23 7 -5.525168117597029e-04
23 8 -6.208620390765803e-04
23 9 -7.033492055059644e-04
23 10 -8.042738356869154e-04
23 11 -9.297263377348922e-04
23 12 -1.088587062215785e-03
23 13 -1.294238597652439e-03
23 14 -1.567661095276458e-03
23 15 -1.943371691484646e-03
23 16 -2.481696311300900e-03
23 17 -3.296642098261383e-03
23 18 -4.627742817016076e-03
23 19 -7.062023796347403e-03
23 20 -1.245387971996821e-02
23 21 -3.171121722621557e-02
23 22 -3.212690241361239e-02
23 24 -3.212690241376352e-02
23 25 -3.171121722621596e-02
23 26 -1.245387971996841e-02
23 27 -7.062023796347374e-03
23 28 -4.627742817016044e-03
23 29 -3.296642098261384e-03
23 30 -2.481696311300889e-03
23 31 -1.943371691484646e-03
23 32 -1.567661095276463e-03
23 33 -1.294238597652439e-03
23 34 -1.088587062215786e-03
23 35 -9.297263377348946e-04
23 36 -8.042738356869154e-04
23 37 -7.033492055059661e-04
23 38 -6.208620390765817e-04
23 39 -5.525168117597029e-04
23 40 -4.952101543643853e-04
23 41 -4.466526110464370e-04
23 42 -4.051238930887117e-04
23 43 -3.693102175529137e-04
23 44 -3.381936186597391e-04
23 45 -3.109750288993225e-04
23 46 -2.870198139504579e-04
23 47 -2.658185490702998e-04
23 48 -2.469583362333543e-04
24 24 2.280359758693063e-01
24 1 -2.870198139504577e-04
24 2 -3.109750288993225e-04
24 3 -3.381936186597391e-04
24 4 -3.693102175529140e-04
24 5 -4.051238930887113e-04
24 6 -4.466526110464372e-04
24 7 -4.952101543643853e-04
24 8 -5.525168117597029e-04
24 9 -6.208620390765812e-04
24 10 -7.033492055059661e-04
24 11 -8.042738356869155e-04
24 12 -9.297263377348947e-04
24 13 -1.088587062215785e-03
24 14 -1.294238597652442e-03
24 15 -1.567661095276463e-03
24 16 -1.943371691484653e-03
24 17 -2.481696311300903e-03
24 18 -3.296642098261396e-03
24 19 -4.627742817016028e-03
24 20 -7.062023796347362e-03
24 21 -1.245387971996828e-02
24 22 -3.171121722621584e-02
24 23 -3.212690241376352e-02
24 25 -3.212690241410932e-02
24 26 -3.171121722621569e-02
24 27 -1.245387971996827e-02
24 28 -7.062023796347401e-03
24 29 -4.627742817016064e-03
24 30 -3.296642098261365e-03
24 31 -2.481696311300892e-03
24 32 -1.943371691484649e-03
24 33 -1.567661095276456e-03
24 34 -1.294238597652441e-03
24 35 -1.088587062215785e-03
24 36 -9.297263377348921e-04
24 37 -8.042738356869155e-04
24 38 -7.033492055059652e-04
24 39 -6.208620390765803e-04
24 40 -5.525168117597029e-04
24 41 -4.952101543643844e-04
24 42 -4.466526110464372e-04
24 43 -4.051238930887112e-04
24 44 -3.693102175529131e-04
24 45 -3.381936186597391e-04
24 46 -3.109750288993222e-04
24 47 -2.870198139504576e-04
24 48 -2.658185490703001e-04
25 25 2.280359758687941e-01
25 1 -2.658185490703001e-04
25 2 -2.870198139504579e-04
25 3 -3.109750288993223e-04
25 4 -3.381936186597396e-04
25 5 -3.693102175529134e-04
25 6 -4.051238930887113e-04
25 7 -4.466526110464375e-04
25 8 -4.952101543643848e-04
25 9 -5.525168117597029e-04
25 10 -6.208620390765817e-04
25 11 -7.033492055059652e-04
25 12 -8.042738356869164e-04
25 13 -9.297263377348934e-04
25 14 -1.088587062215785e-03
25 15 -1.294238597652444e-03
25 16 -1.567661095276460e-03
25 17 -1.943371691484646e-03
25 18 -2.481696311300896e-03
25 19 -3.296642098261355e-03
25 20 -4.627742817016020e-03
25 21 -7.062023796347391e-03
25 22 -1.245387971996854e-02
25 23 -3.171121722621596e-02
25 24 -3.212690241410932e-02
25 26 -3.212690241324424e-02
25 27 -3.171121722621541e-02
25 28 -1.245387971996819e-02
25 29 -7.062023796347413e-03
25 30 -4.627742817016033e-03
25 31 -3.296642098261389e-03
25 32 -2.481696311300908e-03
25 33 -1.943371691484647e-03
25 34 -1.567661095276462e-03
25 35 -1.294238597652441e-03
25 36 -1.088587062215783e-03
25 37 -9.297263377348934e-04
25 38 -8.042738356869153e-04
25 39 -7.033492055059643e-04
25 40 -6.208620390765810e-04
25 41 -5.525168117597023e-04
25 42 -4.952101543643848e-04
25 43 -4.466526110464371e-04
25 44 -4.051238930887109e-04
25 45 -3.693102175529134e-04
25 46 -3.381936186597391e-04
25 47 -3.109750288993220e-04
25 48 -2.870198139504577e-04
26 26 2.280359758672491e-01
26 1 -2.469583362333544e-04
26 2 -2.658185490702999e-04
26 3 -2.870198139504577e-04
26 4 -3.109750288993227e-04
26 5 -3.381936186597391e-04
26 6 -3.693102175529134e-04
26 7 -4.051238930887117e-04
26 8 -4.466526110464372e-04
26 9 -4.952101543643848e-04
26 10 -5.525168117597035e-04
26 11 -6.208620390765812e-04
26 12 -7.033492055059661e-04
26 13 -8.042738356869155e-04
26 14 -9.297263377348934e-04
26 15 -1.088587062215786e-03
26 16 -1.294238597652441e-03
26 17 -1.567661095276460e-03
26 18 -1.943371691484647e-03
26 19 -2.481696311300880e-03
26 20 -3.296642098261377e-03
26 21 -4.627742817016064e-03
26 22 -7.062023796347430e-03
26 23 -1.245387971996841e-02
26 24 -3.171121722621569e-02
26 25 -3.212690241324424e-02
26 27 -3.212690241255852e-02
26 28 -3.171121722621550e-02
26 29 -1.245387971996833e-02
26 30 -7.062023796347358e-03
26 31 -4.627742817016049e-03
26 32 -3.296642098261399e-03
26 33 -2.481696311300899e-03
26 34 -1.943371691484652e-03
26 35 -1.567661095276462e-03
26 36 -1.294238597652439e-03
26 37 -1.088587062215785e-03
26 38 -9.297263377348933e-04
26 39 -8.042738356869143e-04
26 40 -7.033492055059652e-04
26 41 -6.208620390765803e-04
26 42 -5.525168117597029e-04
26 43 -4.952101543643848e-04
26 44 -4.466526110464367e-04
26 45 -4.051238930887113e-04
26 46 -3.693102175529134e-04
26 47 -3.381936186597388e-04
26 48 -3.109750288993222e-04
27 27 2.280359758660313e-01
27 1 -2.301015345676747e-04
27 2 -2.469583362333543e-04
27 3 -2.658185490703001e-04
27 4 -2.870198139504582e-04
27 5 -3.109750288993223e-04
27 6 -3.381936186597391e-04
27 7 -3.693102175529137e-04
27 8 -4.051238930887112e-04
27 9 -4.466526110464371e-04
27 10 -4.952101543643853e-04
27 11 -5.525168117597029e-04
27 12 -6.208620390765817e-04
27 13 -7.033492055059652e-04
27 14 -8.042738356869154e-04
27 15 -9.297263377348946e-04
27 16 -1.088587062215785e-03
27 17 -1.294238597652441e-03
27 18 -1.567661095276461e-03
27 19 -1.943371691484643e-03
27 20 -2.481696311300904e-03
27 21 -3.296642098261394e-03
27 22 -4.627742817016042e-03
27 23 -7.062023796347374e-03
27 24 -1.245387971996827e-02
27 25 -3.171121722621541e-02
27 26 -3.212690241255852e-02
27 28 -3.212690241202406e-02
27 29 -3.171121722621591e-02
27 30 -1.245387971996844e-02
27 31 -7.062023796347382e-03
27 32 -4.627742817016051e-03
27 33 -3.296642098261366e-03
27 34 -2.481696311300893e-03
27 35 -1.943371691484648e-03
27 36 -1.567661095276458e-03
27 37 -1.294238597652442e-03
27 38 -1.088587062215785e-03
27 39 -9.297263377348922e-04
27 40 -8.042738356869154e-04
27 41 -7.033492055059644e-04
27 42 -6.208620390765812e-04
27 43 -5.525168117597029e-04
27 44 -4.952101543643844e-04
27 45 -4.466526110464372e-04
27 46 -4.051238930887113e-04
27 47 -3.693102175529132e-04
27 48 -3.381936186597391e-04
28 28 2.280359758651554e-01
28 1 -2.149697865524719e-04
28 2 -2.301015345676739e-04
28 3 -2.469583362333542e-04
28 4 -2.658185490702999e-04
28 5 -2.870198139504576e-04
28 6 -3.109750288993221e-04
28 7 -3.381936186597391e-04
28 8 -3.693102175529131e-04
28 9 -4.051238930887110e-04
28 10 -4.466526110464370e-04
28 11 -4.952101543643844e-04
28 12 -5.525168117597029e-04
28 13 -6.208620390765803e-04
28 14 -7.033492055059644e-04
28 15 -8.042738356869154e-04
28 16 -9.297263377348921e-04
28 17 -1.088587062215783e-03
28 18 -1.294238597652439e-03
28 19 -1.567661095276457e-03
28 20 -1.943371691484652e-03
28 21 -2.481696311300905e-03
28 22 -3.296642098261388e-03
28 23 -4.627742817016044e-03
28 24 -7.062023796347401e-03
28 25 -1.245387971996819e-02
28 26 -3.171121722621550e-02
28 27 -3.212690241202406e-02
28 29 -3.212690241169751e-02
28 30 -3.171121722621604e-02
28 31 -1.245387971996850e-02
28 32 -7.062023796347370e-03
28 33 -4.627742817016017e-03
28 34 -3.296642098261379e-03
28 35 -2.481696311300900e-03
28 36 -1.943371691484647e-03
28 37 -1.567661095276463e-03
28 38 -1.294238597652443e-03
28 39 -1.088587062215785e-03
28 40 -9.297263377348946e-04
28 41 -8.042738356869154e-04
28 42 -7.033492055059661e-04
28 43 -6.208620390765817e-04
28 44 -5.525168117597029e-04
28 45 -4.952101543643853e-04
28 46 -4.466526110464375e-04
28 47 -4.051238930887112e-04
28 48 -3.693102175529137e-04
29 29 2.280359758645064e-01
29 1 -2.013318804156473e-04
29 2 -2.149697865524715e-04
29 3 -2.301015345676743e-04
29 4 -2.469583362333541e-04
29 5 -2.658185490703000e-04
29 6 -2.870198139504577e-04
29 7 -3.109750288993225e-04
29 8 -3.381936186597391e-04
29 9 -3.693102175529134e-04
29 10 -4.051238930887117e-04
29 11 -4.466526110464372e-04
29 12 -4.952101543643853e-04
29 13 -5.525168117597029e-04
29 14 -6.208620390765812e-04
29 15 -7.033492055059661e-04
29 16 -8.042738356869155e-04
29 17 -9.297263377348934e-04
29 18 -1.088587062215785e-03
29 19 -1.294238597652442e-03
29 20 -1.567661095276465e-03
29 21 -1.943371691484653e-03
29 22 -2.481696311300903e-03
29 23 -3.296642098261384e-03
29 24 -4.627742817016064e-03
29 25 -7.062023796347413e-03
29 26 -1.245387971996833e-02
29 27 -3.171121722621591e-02
29 28 -3.212690241169751e-02
29 30 -3.212690241133816e-02
29 31 -3.171121722621592e-02
29 32 -1.245387971996820e-02
29 33 -7.062023796347329e-03
29 34 -4.627742817016042e-03
29 35 -3.296642098261386e-03
29 36 -2.481696311300895e-03
29 37 -1.943371691484647e-03
29 38 -1.567661095276459e-03
29 39 -1.294238597652439e-03
29 40 -1.088587062215785e-03
29 41 -9.297263377348921e-04
29 42 -8.042738356869155e-04
29 43 -7.033492055059652e-04
29 44 -6.208620390765803e-04
29 45 -5.525168117597029e-04
29 46 -4.952101543643848e-04
29 47 -4.466526110464367e-04
29 48 -4.051238930887112e-04
30 30 2.280359758638523e-01
30 1 -1.889944272727386e-04
30 2 -2.013318804156473e-04
30 3 -2.149697865524723e-04
30 4 -2.301015345676743e-04
30 5 -2.469583362333547e-04
30 6 -2.658185490702999e-04
30 7 -2.870198139504579e-04
30 8 -3.109750288993222e-04
30 9 -3.381936186597391e-04
30 10 -3.693102175529137e-04
30 11 -4.051238930887113e-04
30 12 -4.466526110464375e-04
30 13 -4.952101543643848e-04
30 14 -5.525168117597029e-04
30 15 -6.208620390765817e-04
30 16 -7.033492055059652e-04
30 17 -8.042738356869153e-04
30 18 -9.297263377348933e-04
30 19 -1.088587062215785e-03
30 20 -1.294238597652443e-03
30 21 -1.567661095276460e-03
30 22 -1.943371691484646e-03
30 23 -2.481696311300889e-03
30 24 -3.296642098261365e-03
30 25 -4.627742817016033e-03
30 26 -7.062023796347358e-03
30 27 -1.245387971996844e-02
30 28 -3.171121722621604e-02
30 29 -3.212690241133816e-02
30 31 -3.212690241104008e-02
30 32 -3.171121722621541e-02
30 33 -1.245387971996817e-02
30 34 -7.062023796347397e-03
30 35 -4.627742817016070e-03
30 36 -3.296642098261394e-03
30 37 -2.481696311300902e-03
30 38 -1.943371691484648e-03
30 39 -1.567661095276462e-03
30 40 -1.294238597652441e-03
30 41 -1.088587062215783e-03
30 42 -9.297263377348934e-04
30 43 -8.042738356869154e-04
30 44 -7.033492055059644e-04
30 45 -6.208620390765812e-04
30 46 -5.525168117597029e-04
30 47 -4.952101543643844e-04
30 48 -4.466526110464371e-04
31 31 2.280359758633421e-01
31 1 -1.777946291725828e-04
31 2 -1.889944272727381e-04
31 3 -2.013318804156473e-04
31 4 -2.149697865524715e-04
31 5 -2.301015345676743e-04
31 6 -2.469583362333540e-04
31 7 -2.658185490702999e-04
31 8 -2.870198139504576e-04
31 9 -3.109750288993221e-04
31 10 -3.381936186597391e-04
31 11 -3.693102175529132e-04
31 12 -4.051238930887112e-04
31 13 -4.466526110464367e-04
31 14 -4.952101543643844e-04
31 15 -5.525168117597029e-04
31 16 -6.208620390765803e-04
31 17 -7.033492055059643e-04
31 18 -8.042738356869143e-04
31 19 -9.297263377348922e-04
31 20 -1.088587062215785e-03
31 21 -1.294238597652439e-03
31 22 -1.567661095276459e-03
31 23 -1.943371691484646e-03
31 24 -2.481696311300892e-03
31 25 -3.296642098261389e-03
31 26 -4.627742817016049e-03
31 27 -7.062023796347382e-03
31 28 -1.245387971996850e-02
31 29 -3.171121722621592e-02
31 30 -3.212690241104008e-02
31 32 -3.212690241085353e-02
31 33 -3.171121722621548e-02
31 34 -1.245387971996833e-02
31 35 -7.062023796347395e-03
31 36 -4.627742817016042e-03
31 37 -3.296642098261378e-03
31 38 -2.481696311300890e-03
31 39 -1.943371691484656e-03
31 40 -1.567661095276462e-03
31 41 -1.294238597652441e-03
31 42 -1.088587062215786e-03
31 43 -9.297263377348946e-04
31 44 -8.042738356869154e-04
31 45 -7.033492055059661e-04
31 46 -6.208620390765817e-04
31 47 -5.525168117597029e-04
31 48 -4.952101543643853e-04
32 32 2.280359758630368e-01
32 1 -1.675946170023978e-04
32 2 -1.777946291725828e-04
32 3 -1.889944272727386e-04
32 4 -2.013318804156473e-04
32 5 -2.149697865524723e-04
32 6 -2.301015345676743e-04
32 7 -2.469583362333547e-04
32 8 -2.658185490703001e-04
32 9 -2.870198139504577e-04
32 10 -3.109750288993225e-04
32 11 -3.381936186597391e-04
32 12 -3.693102175529137e-04
32 13 -4.051238930887112e-04
32 14 -4.466526110464371e-04
32 15 -4.952101543643853e-04
32 16 -5.525168117597029e-04
32 17 -6.208620390765810e-04
32 18 -7.033492055059652e-04
32 19 -8.042738356869154e-04
32 20 -9.297263377348946e-04
32 21 -1.088587062215785e-03
32 22 -1.294238597652441e-03
32 23 -1.567661095276463e-03
32 24 -1.943371691484649e-03
32 25 -2.481696311300908e-03
32 26 -3.296642098261399e-03
32 27 -4.627742817016051e-03
32 28 -7.062023796347370e-03
32 29 -1.245387971996820e-02
32 30 -3.171121722621541e-02
32 31 -3.212690241085353e-02
32 33 -3.212690241347132e-02
32 34 -3.171121722621589e-02
32 35 -1.245387971996838e-02
32 36 -7.062023796347412e-03
32 37 -4.627742817016041e-03
32 38 -3.296642098261362e-03
32 39 -2.481696311300904e-03
32 40 -1.943371691484644e-03
32 41 -1.567661095276458e-03
32 42 -1.294238597652442e-03
32 43 -1.088587062215785e-03
32 44 -9.297263377348922e-04
32 45 -8.042738356869155e-04
32 46 -7.033492055059652e-04
32 47 -6.208620390765804e-04
32 48 -5.525168117597029e-04
33 33 2.280359758630379e-01
33 17 -5.525168117597019e-04
33 18 -6.208620390765797e-04
33 19 -7.033492055059636e-04
33 20 -8.042738356869142e-04
33 21 -9.297263377348907e-04
33 22 -1.088587062215782e-03
33 23 -1.294238597652439e-03
33 24 -1.567661095276456e-03
33 25 -1.943371691484647e-03
33 26 -2.481696311300899e-03
33 27 -3.296642098261366e-03
33 28 -4.627742817016017e-03
33 29 -7.062023796347329e-03
33 30 -1.245387971996817e-02
33 31 -3.171121722621548e-02
33 32 -3.212690241347132e-02
33 34 -3.212690241085384e-02
33 35 -3.171121722621574e-02
33 36 -1.245387971996840e-02
33 37 -7.062023796347383e-03
33 38 -4.627742817016036e-03
33 39 -3.296642098261409e-03
33 40 -2.481696311300903e-03
33 41 -1.943371691484650e-03
33 42 -1.567661095276466e-03
33 43 -1.294238597652446e-03
33 44 -1.088587062215787e-03
33 45 -9.297263377348959e-04
33 46 -8.042738356869173e-04
33 47 -7.033492055059661e-04
33 48 -6.208620390765825e-04
33 49 -5.525168117597036e-04
33 50 -4.952101543643858e-04
33 51 -4.466526110464379e-04
33 52 -4.051238930887116e-04
33 53 -3.693102175529140e-04
33 54 -3.381936186597396e-04
33 55 -3.109750288993225e-04
33 56 -2.870198139504582e-04
33 57 -2.658185490703000e-04
33 58 -2.469583362333548e-04
33 59 -2.301015345676743e-04
33 60 -2.149697865524723e-04
33 61 -2.013318804156473e-04
33 62 -1.889944272727386e-04
33 63 -1.777946291725828e-04
33 64 -1.675946170023978e-04
34 34 2.280359758633424e-01
34 17 -4.952101543643848e-04
34 18 -5.525168117597028e-04
34 19 -6.208620390765811e-04
34 20 -7.033492055059660e-04
34 21 -8.042738356869153e-04
34 22 -9.297263377348933e-04
34 23 -1.088587062215786e-03
34 24 -1.294238597652441e-03
34 25 -1.567661095276462e-03
34 26 -1.943371691484652e-03
34 27 -2.481696311300893e-03
34 28 -3.296642098261379e-03
34 29 -4.627742817016042e-03
34 30 -7.062023796347397e-03
34 31 -1.245387971996833e-02
34 32 -3.171121722621589e-02
34 33 -3.212690241085384e-02
34 35 -3.212690241103986e-02
34 36 -3.171121722621582e-02
34 37 -1.245387971996833e-02
34 38 -7.062023796347381e-03
34 39 -4.627742817016053e-03
34 40 -3.296642098261376e-03
34 41 -2.481696311300888e-03
34 42 -1.943371691484645e-03
34 43 -1.567661095276460e-03
34 44 -1.294238597652439e-03
34 45 -1.088587062215785e-03
34 46 -9.297263377348933e-04
34 47 -8.042738356869143e-04
34 48 -7.033492055059654e-04
34 49 -6.208620390765803e-04
34 50 -5.525168117597029e-04
34 51 -4.952101543643848e-04
34 52 -4.466526110464367e-04
34 53 -4.051238930887113e-04
34 54 -3.693102175529134e-04
34 55 -3.381936186597388e-04
34 56 -3.109750288993223e-04
34 57 -2.870198139504576e-04
34 58 -2.658185490703000e-04
34 59 -2.469583362333540e-04
34 60 -2.301015345676743e-04
34 61 -2.149697865524715e-04
34 62 -2.013318804156473e-04
34 63 -1.889944272727381e-04
34 64 -1.777946291725829e-04
35 35 2.280359758638519e-01
35 17 -4.466526110464371e-04
35 18 -4.952101543643848e-04
35 19 -5.525168117597029e-04
35 20 -6.208620390765817e-04
35 21 -7.033492055059652e-04
35 22 -8.042738356869154e-04
35 23 -9.297263377348946e-04
35 24 -1.088587062215785e-03
35 25 -1.294238597652441e-03
35 26 -1.567661095276462e-03
35 27 -1.943371691484648e-03
35 28 -2.481696311300900e-03
35 29 -3.296642098261386e-03
35 30 -4.627742817016070e-03
35 31 -7.062023796347395e-03
35 32 -1.245387971996838e-02
35 33 -3.171121722621574e-02
35 34 -3.212690241103986e-02
35 36 -3.212690241133816e-02
35 37 -3.171121722621550e-02
35 38 -1.245387971996826e-02
