%%MatrixMarket matrix coordinate real general
%
1023 1023 48545
1 1 2.820220640335314e+01
1 2 -1.062113428954172e+01
1 3 -2.238139267313784e+00
1 4 -5.241206859123251e-01
1 5 -2.334552178861982e-01
1 6 -1.287507512901884e-01
1 7 -8.005748918792305e-02
1 8 -5.383883408270159e-02
1 9 -3.827867017036050e-02
1 10 -2.837464678449566e-02
1 11 -2.172763699980142e-02
1 12 -1.707687395671972e-02
1 13 -1.371154214425176e-02
1 14 -1.120781123832390e-02
1 15 -9.301143316496657e-03
1 16 -7.820008956881046e-03
1 17 -6.649535860583459e-03
1 18 -5.710631240766633e-03
1 19 -4.947509738595902e-03
1 20 -4.319984954514192e-03
1 21 -3.798561550265722e-03
1 22 -3.361227574443884e-03
1 23 -2.991308689718779e-03
1 24 -2.676002598729815e-03
1 25 -2.405359106310122e-03
1 26 -2.171558206600762e-03
1 27 -1.968391172578277e-03
1 28 -1.790882256017079e-03
1 29 -1.635009328718714e-03
1 30 -1.497495111780784e-03
1 31 -1.375649434347318e-03
1 32 -1.267248829047248e-03
2 1 -1.062113428954172e+01
2 2 2.820220640335964e+01
2 3 -1.062113428954560e+01
2 4 -2.238139267313779e+00
2 5 -5.241206859123210e-01
2 6 -2.334552178862017e-01
2 7 -1.287507512901900e-01
2 8 -8.005748918792277e-02
2 9 -5.383883408270151e-02
2 10 -3.827867017036036e-02
2 11 -2.837464678449571e-02
2 12 -2.172763699980148e-02
2 13 -1.707687395671978e-02
2 14 -1.371154214425179e-02
2 15 -1.120781123832390e-02
2 16 -9.301143316496686e-03
2 17 -7.820008956881057e-03
2 18 -6.649535860583469e-03
2 19 -5.710631240766640e-03
2 20 -4.947509738595902e-03
2 21 -4.319984954514203e-03
2 22 -3.798561550265726e-03
2 23 -3.361227574443884e-03
2 24 -2.991308689718779e-03
2 25 -2.676002598729815e-03
2 26 -2.405359106310110e-03
2 27 -2.171558206600762e-03
2 28 -1.968391172578268e-03
2 29 -1.790882256017076e-03
2 30 -1.635009328718715e-03
2 31 -1.497495111780778e-03
2 32 -1.375649434347318e-03
3 1 -2.238139267313784e+00
3 2 -1.062113428954560e+01
3 3 2.820220640336840e+01
3 4 -1.062113428955055e+01
3 5 -2.238139267313779e+00
3 6 -5.241206859123185e-01
3 7 -2.334552178862002e-01
3 8 -1.287507512901883e-01
3 9 -8.005748918792276e-02
3 10 -5.383883408270127e-02
3 11 -3.827867017036041e-02
3 12 -2.837464678449566e-02
3 13 -2.172763699980139e-02
3 14 -1.707687395671975e-02
3 15 -1.371154214425174e-02
3 16 -1.120781123832390e-02
3 17 -9.301143316496672e-03
3 18 -7.820008956881046e-03
3 19 -6.649535860583458e-03
3 20 -5.710631240766624e-03
3 21 -4.947509738595904e-03
3 22 -4.319984954514198e-03
3 23 -3.798561550265717e-03
3 24 -3.361227574443884e-03
3 25 -2.991308689718782e-03
3 26 -2.676002598729815e-03
3 27 -2.405359106310122e-03
3 28 -2.171558206600762e-03
3 29 -1.968391172578272e-03
3 30 -1.790882256017084e-03
3 31 -1.635009328718714e-03
3 32 -1.497495111780784e-03
4 1 -5.241206859123251e-01
4 2 -2.238139267313779e+00
4 3 -1.062113428955055e+01
4 4 2.820220640337915e+01
4 5 -1.062113428955659e+01
4 6 -2.238139267313784e+00
4 7 -5.241206859123253e-01
4 8 -2.334552178861993e-01
4 9 -1.287507512901888e-01
4 10 -8.005748918792238e-02
4 11 -5.383883408270153e-02
4 12 -3.827867017036046e-02
4 13 -2.837464678449566e-02
4 14 -2.172763699980151e-02
4 15 -1.707687395671979e-02
4 16 -1.371154214425181e-02
4 17 -1.120781123832394e-02
4 18 -9.301143316496702e-03
4 19 -7.820008956881067e-03
4 20 -6.649535860583469e-03
4 21 -5.710631240766648e-03
4 22 -4.947509738595915e-03
4 23 -4.319984954514203e-03
4 24 -3.798561550265730e-03
4 25 -3.361227574443891e-03
4 26 -2.991308689718782e-03
4 27 -2.676002598729816e-03
4 28 -2.405359106310110e-03
4 29 -2.171558206600756e-03
4 30 -1.968391172578273e-03
4 31 -1.790882256017076e-03
4 32 -1.635009328718715e-03
5 1 -2.334552178861982e-01
5 2 -5.241206859123210e-01
5 3 -2.238139267313779e+00
5 4 -1.062113428955659e+01
5 5 2.820220640339383e+01
5 6 -1.062113428956512e+01
5 7 -2.238139267313778e+00
5 8 -5.241206859123263e-01
5 9 -2.334552178862016e-01
5 10 -1.287507512901894e-01
5 11 -8.005748918792306e-02
5 12 -5.383883408270173e-02
5 13 -3.827867017036043e-02
5 14 -2.837464678449575e-02
5 15 -2.172763699980140e-02
5 16 -1.707687395671975e-02
5 17 -1.371154214425176e-02
5 18 -1.120781123832390e-02
5 19 -9.301143316496672e-03
5 20 -7.820008956881033e-03
5 21 -6.649535860583459e-03
5 22 -5.710631240766633e-03
5 23 -4.947509738595896e-03
5 24 -4.319984954514198e-03
5 25 -3.798561550265722e-03
5 26 -3.361227574443884e-03
5 27 -2.991308689718782e-03
5 28 -2.676002598729812e-03
5 29 -2.405359106310116e-03
5 30 -2.171558206600767e-03
5 31 -1.968391172578272e-03
5 32 -1.790882256017084e-03
6 1 -1.287507512901884e-01
6 2 -2.334552178862017e-01
6 3 -5.241206859123185e-01
6 4 -2.238139267313784e+00
6 5 -1.062113428956512e+01
6 6 2.820220640341116e+01
6 7 -1.062113428957437e+01
6 8 -2.238139267313796e+00
6 9 -5.241206859123219e-01
6 10 -2.334552178861999e-01
6 11 -1.287507512901888e-01
6 12 -8.005748918792313e-02
6 13 -5.383883408270151e-02
6 14 -3.827867017036058e-02
6 15 -2.837464678449571e-02
6 16 -2.172763699980144e-02
6 17 -1.707687395671975e-02
6 18 -1.371154214425176e-02
6 19 -1.120781123832390e-02
6 20 -9.301143316496657e-03
6 21 -7.820008956881046e-03
6 22 -6.649535860583458e-03
6 23 -5.710631240766624e-03
6 24 -4.947509738595904e-03
6 25 -4.319984954514198e-03
6 26 -3.798561550265722e-03
6 27 -3.361227574443884e-03
6 28 -2.991308689718775e-03
6 29 -2.676002598729809e-03
6 30 -2.405359106310116e-03
6 31 -2.171558206600757e-03
6 32 -1.968391172578273e-03
7 1 -8.005748918792305e-02
7 2 -1.287507512901900e-01
7 3 -2.334552178862002e-01
7 4 -5.241206859123253e-01
7 5 -2.238139267313778e+00
7 6 -1.062113428957437e+01
7 7 2.820220640343411e+01
7 8 -1.062113428958799e+01
7 9 -2.238139267313783e+00
7 10 -5.241206859123196e-01
7 11 -2.334552178862006e-01
7 12 -1.287507512901895e-01
7 13 -8.005748918792244e-02
7 14 -5.383883408270142e-02
7 15 -3.827867017036034e-02
7 16 -2.837464678449561e-02
7 17 -2.172763699980145e-02
7 18 -1.707687395671978e-02
7 19 -1.371154214425179e-02
7 20 -1.120781123832390e-02
7 21 -9.301143316496686e-03
7 22 -7.820008956881055e-03
7 23 -6.649535860583459e-03
7 24 -5.710631240766640e-03
7 25 -4.947509738595909e-03
7 26 -4.319984954514203e-03
7 27 -3.798561550265726e-03
7 28 -3.361227574443884e-03
7 29 -2.991308689718781e-03
7 30 -2.676002598729820e-03
7 31 -2.405359106310117e-03
7 32 -2.171558206600767e-03
8 1 -5.383883408270159e-02
8 2 -8.005748918792277e-02
8 3 -1.287507512901883e-01
8 4 -2.334552178861993e-01
8 5 -5.241206859123263e-01
8 6 -2.238139267313796e+00
8 7 -1.062113428958799e+01
8 8 2.820220640346543e+01
8 9 -1.062113428960581e+01
8 10 -2.238139267313767e+00
8 11 -5.241206859123246e-01
8 12 -2.334552178862002e-01
8 13 -1.287507512901885e-01
8 14 -8.005748918792276e-02
8 15 -5.383883408270165e-02
8 16 -3.827867017036046e-02
8 17 -2.837464678449571e-02
8 18 -2.172763699980142e-02
8 19 -1.707687395671974e-02
8 20 -1.371154214425173e-02
8 21 -1.120781123832390e-02
8 22 -9.301143316496670e-03
8 23 -7.820008956881033e-03
8 24 -6.649535860583459e-03
8 25 -5.710631240766631e-03
8 26 -4.947509738595902e-03
8 27 -4.319984954514197e-03
8 28 -3.798561550265717e-03
8 29 -3.361227574443884e-03
8 30 -2.991308689718782e-03
8 31 -2.676002598729814e-03
8 32 -2.405359106310122e-03
9 1 -3.827867017036050e-02
9 2 -5.383883408270151e-02
9 3 -8.005748918792276e-02
9 4 -1.287507512901888e-01
9 5 -2.334552178862016e-01
9 6 -5.241206859123219e-01
9 7 -2.238139267313783e+00
9 8 -1.062113428960581e+01
9 9 2.820220640350641e+01
9 10 -1.062113428962919e+01
9 11 -2.238139267313793e+00
9 12 -5.241206859123212e-01
9 13 -2.334552178862004e-01
9 14 -1.287507512901885e-01
9 15 -8.005748918792310e-02
9 16 -5.383883408270150e-02
9 17 -3.827867017036043e-02
9 18 -2.837464678449564e-02
9 19 -2.172763699980144e-02
9 20 -1.707687395671972e-02
9 21 -1.371154214425176e-02
9 22 -1.120781123832390e-02
9 23 -9.301143316496657e-03
9 24 -7.820008956881046e-03
9 25 -6.649535860583459e-03
9 26 -5.710631240766633e-03
9 27 -4.947509738595902e-03
9 28 -4.319984954514192e-03
9 29 -3.798561550265722e-03
9 30 -3.361227574443884e-03
9 31 -2.991308689718775e-03
9 32 -2.676002598729815e-03
10 1 -2.837464678449566e-02
10 2 -3.827867017036036e-02
10 3 -5.383883408270127e-02
10 4 -8.005748918792238e-02
10 5 -1.287507512901894e-01
10 6 -2.334552178861999e-01
10 7 -5.241206859123196e-01
10 8 -2.238139267313767e+00
10 9 -1.062113428962919e+01
10 10 2.820220640355193e+01
10 11 -1.062113428965269e+01
10 12 -2.238139267313771e+00
10 13 -5.241206859123211e-01
10 14 -2.334552178862007e-01
10 15 -1.287507512901899e-01
10 16 -8.005748918792287e-02
10 17 -5.383883408270164e-02
10 18 -3.827867017036043e-02
10 19 -2.837464678449582e-02
10 20 -2.172763699980146e-02
10 21 -1.707687395671978e-02
10 22 -1.371154214425179e-02
10 23 -1.120781123832390e-02
10 24 -9.301143316496686e-03
10 25 -7.820008956881057e-03
10 26 -6.649535860583469e-03
10 27 -5.710631240766640e-03
10 28 -4.947509738595902e-03
10 29 -4.319984954514203e-03
10 30 -3.798561550265726e-03
10 31 -3.361227574443884e-03
10 32 -2.991308689718784e-03
11 1 -2.172763699980142e-02
11 2 -2.837464678449571e-02
11 3 -3.827867017036041e-02
11 4 -5.383883408270153e-02
11 5 -8.005748918792306e-02
11 6 -1.287507512901888e-01
11 7 -2.334552178862006e-01
11 8 -5.241206859123246e-01
11 9 -2.238139267313793e+00
11 10 -1.062113428965269e+01
11 11 2.820220640357439e+01
11 12 -1.062113428964936e+01
11 13 -2.238139267313781e+00
11 14 -5.241206859123276e-01
11 15 -2.334552178862017e-01
11 16 -1.287507512901886e-01
11 17 -8.005748918792267e-02
11 18 -5.383883408270128e-02
11 19 -3.827867017036056e-02
11 20 -2.837464678449561e-02
11 21 -2.172763699980139e-02
11 22 -1.707687395671975e-02
11 23 -1.371154214425174e-02
11 24 -1.120781123832390e-02
11 25 -9.301143316496672e-03
11 26 -7.820008956881046e-03
11 27 -6.649535860583458e-03
11 28 -5.710631240766624e-03
11 29 -4.947509738595904e-03
11 30 -4.319984954514198e-03
11 31 -3.798561550265717e-03
11 32 -3.361227574443884e-03
12 1 -1.707687395671972e-02
12 2 -2.172763699980148e-02
12 3 -2.837464678449566e-02
12 4 -3.827867017036046e-02
12 5 -5.383883408270173e-02
12 6 -8.005748918792313e-02
12 7 -1.287507512901895e-01
12 8 -2.334552178862002e-01
12 9 -5.241206859123212e-01
12 10 -2.238139267313771e+00
12 11 -1.062113428964936e+01
12 12 2.820220640356976e+01
12 13 -1.062113428964792e+01
12 14 -2.238139267313805e+00
12 15 -5.241206859123254e-01
12 16 -2.334552178862009e-01
12 17 -1.287507512901888e-01
12 18 -8.005748918792251e-02
12 19 -5.383883408270178e-02
12 20 -3.827867017036039e-02
12 21 -2.837464678449566e-02
12 22 -2.172763699980149e-02
12 23 -1.707687395671975e-02
12 24 -1.371154214425179e-02
12 25 -1.120781123832392e-02
12 26 -9.301143316496686e-03
12 27 -7.820008956881055e-03
12 28 -6.649535860583459e-03
12 29 -5.710631240766640e-03
12 30 -4.947509738595909e-03
12 31 -4.319984954514198e-03
12 32 -3.798561550265726e-03
13 1 -1.371154214425176e-02
13 2 -1.707687395671978e-02
13 3 -2.172763699980139e-02
13 4 -2.837464678449566e-02
13 5 -3.827867017036043e-02
13 6 -5.383883408270151e-02
13 7 -8.005748918792244e-02
13 8 -1.287507512901885e-01
13 9 -2.334552178862004e-01
13 10 -5.241206859123211e-01
13 11 -2.238139267313781e+00
13 12 -1.062113428964792e+01
13 13 2.820220640356755e+01
13 14 -1.062113428964711e+01
13 15 -2.238139267313759e+00
13 16 -5.241206859123203e-01
13 17 -2.334552178862017e-01
13 18 -1.287507512901888e-01
13 19 -8.005748918792324e-02
13 20 -5.383883408270160e-02
13 21 -3.827867017036043e-02
13 22 -2.837464678449572e-02
13 23 -2.172763699980140e-02
13 24 -1.707687395671975e-02
13 25 -1.371154214425176e-02
13 26 -1.120781123832390e-02
13 27 -9.301143316496670e-03
13 28 -7.820008956881033e-03
13 29 -6.649535860583459e-03
13 30 -5.710631240766631e-03
13 31 -4.947509738595895e-03
13 32 -4.319984954514197e-03
14 1 -1.120781123832390e-02
14 2 -1.371154214425179e-02
14 3 -1.707687395671975e-02
14 4 -2.172763699980151e-02
14 5 -2.837464678449575e-02
14 6 -3.827867017036058e-02
14 7 -5.383883408270142e-02
14 8 -8.005748918792276e-02
14 9 -1.287507512901885e-01
14 10 -2.334552178862007e-01
14 11 -5.241206859123276e-01
14 12 -2.238139267313805e+00
14 13 -1.062113428964711e+01
14 14 2.820220640356641e+01
14 15 -1.062113428964671e+01
14 16 -2.238139267313788e+00
14 17 -5.241206859123246e-01
14 18 -2.334552178861988e-01
14 19 -1.287507512901883e-01
14 20 -8.005748918792252e-02
14 21 -5.383883408270128e-02
14 22 -3.827867017036035e-02
14 23 -2.837464678449563e-02
14 24 -2.172763699980144e-02
14 25 -1.707687395671975e-02
14 26 -1.371154214425176e-02
14 27 -1.120781123832390e-02
14 28 -9.301143316496657e-03
14 29 -7.820008956881046e-03
14 30 -6.649535860583458e-03
14 31 -5.710631240766624e-03
14 32 -4.947509738595902e-03
15 1 -9.301143316496657e-03
15 2 -1.120781123832390e-02
15 3 -1.371154214425174e-02
15 4 -1.707687395671979e-02
15 5 -2.172763699980140e-02
15 6 -2.837464678449571e-02
15 7 -3.827867017036034e-02
15 8 -5.383883408270165e-02
15 9 -8.005748918792310e-02
15 10 -1.287507512901899e-01
15 11 -2.334552178862017e-01
15 12 -5.241206859123254e-01
15 13 -2.238139267313759e+00
15 14 -1.062113428964671e+01
15 15 2.820220640356585e+01
15 16 -1.062113428964658e+01
15 17 -2.238139267313796e+00
15 18 -5.241206859123217e-01
15 19 -2.334552178861993e-01
15 20 -1.287507512901890e-01
15 21 -8.005748918792263e-02
15 22 -5.383883408270142e-02
15 23 -3.827867017036041e-02
15 24 -2.837464678449572e-02
15 25 -2.172763699980143e-02
15 26 -1.707687395671978e-02
15 27 -1.371154214425179e-02
15 28 -1.120781123832390e-02
15 29 -9.301143316496686e-03
15 30 -7.820008956881055e-03
15 31 -6.649535860583459e-03
15 32 -5.710631240766640e-03
16 1 -7.820008956881046e-03
16 2 -9.301143316496686e-03
16 3 -1.120781123832390e-02
16 4 -1.371154214425181e-02
16 5 -1.707687395671975e-02
16 6 -2.172763699980144e-02
16 7 -2.837464678449561e-02
16 8 -3.827867017036046e-02
16 9 -5.383883408270150e-02
16 10 -8.005748918792287e-02
16 11 -1.287507512901886e-01
16 12 -2.334552178862009e-01
16 13 -5.241206859123203e-01
16 14 -2.238139267313788e+00
16 15 -1.062113428964658e+01
16 16 2.820220640356563e+01
16 17 -1.062113428964649e+01
16 18 -2.238139267313764e+00
16 19 -5.241206859123201e-01
16 20 -2.334552178862006e-01
16 21 -1.287507512901881e-01
16 22 -8.005748918792233e-02
16 23 -5.383883408270164e-02
16 24 -3.827867017036061e-02
16 25 -2.837464678449566e-02
16 26 -2.172763699980142e-02
16 27 -1.707687395671974e-02
16 28 -1.371154214425173e-02
16 29 -1.120781123832390e-02
16 30 -9.301143316496670e-03
16 31 -7.820008956881033e-03
16 32 -6.649535860583458e-03
17 1 -6.649535860583459e-03
17 2 -7.820008956881057e-03
17 3 -9.301143316496672e-03
17 4 -1.120781123832394e-02
17 5 -1.371154214425176e-02
17 6 -1.707687395671975e-02
17 7 -2.172763699980145e-02
17 8 -2.837464678449571e-02
17 9 -3.827867017036043e-02
17 10 -5.383883408270164e-02
17 11 -8.005748918792267e-02
17 12 -1.287507512901888e-01
17 13 -2.334552178862017e-01
17 14 -5.241206859123246e-01
17 15 -2.238139267313796e+00
17 16 -1.062113428964649e+01
17 17 2.820220640356562e+01
17 18 -1.062113428964654e+01
17 19 -2.238139267313785e+00
17 20 -5.241206859123207e-01
17 21 -2.334552178861985e-01
17 22 -1.287507512901876e-01
17 23 -8.005748918792309e-02
17 24 -5.383883408270173e-02
17 25 -3.827867017036036e-02
17 26 -2.837464678449564e-02
17 27 -2.172763699980144e-02
17 28 -1.707687395671971e-02
17 29 -1.371154214425176e-02
17 30 -1.120781123832390e-02
17 31 -9.301143316496655e-03
17 32 -7.820008956881043e-03
17 33 -6.649535860583440e-03
17 34 -5.710631240766631e-03
17 35 -4.947509738595902e-03
17 36 -4.319984954514192e-03
17 37 -3.798561550265721e-03
17 38 -3.361227574443884e-03
17 39 -2.991308689718779e-03
17 40 -2.676002598729815e-03
17 41 -2.405359106310122e-03
17 42 -2.171558206600762e-03
17 43 -1.968391172578272e-03
17 44 -1.790882256017084e-03
17 45 -1.635009328718714e-03
17 46 -1.497495111780784e-03
17 47 -1.375649434347318e-03
17 48 -1.267248829047248e-03
18 1 -5.710631240766633e-03
18 2 -6.649535860583469e-03
18 3 -7.820008956881046e-03
18 4 -9.301143316496702e-03
18 5 -1.120781123832390e-02
18 6 -1.371154214425176e-02
18 7 -1.707687395671978e-02
18 8 -2.172763699980142e-02
18 9 -2.837464678449564e-02
18 10 -3.827867017036043e-02
18 11 -5.383883408270128e-02
18 12 -8.005748918792251e-02
18 13 -1.287507512901888e-01
18 14 -2.334552178861988e-01
18 15 -5.241206859123217e-01
18 16 -2.238139267313764e+00
18 17 -1.062113428964654e+01
18 18 2.820220640356586e+01
18 19 -1.062113428964676e+01
18 20 -2.238139267313790e+00
18 21 -5.241206859123255e-01
18 22 -2.334552178862001e-01
18 23 -1.287507512901905e-01
18 24 -8.005748918792334e-02
18 25 -5.383883408270150e-02
18 26 -3.827867017036043e-02
18 27 -2.837464678449576e-02
18 28 -2.172763699980141e-02
18 29 -1.707687395671975e-02
18 30 -1.371154214425176e-02
18 31 -1.120781123832388e-02
18 32 -9.301143316496670e-03
18 33 -7.820008956881020e-03
18 34 -6.649535860583458e-03
18 35 -5.710631240766631e-03
18 36 -4.947509738595895e-03
18 37 -4.319984954514198e-03
18 38 -3.798561550265721e-03
18 39 -3.361227574443880e-03
18 40 -2.991308689718778e-03
18 41 -2.676002598729813e-03
18 42 -2.405359106310110e-03
18 43 -2.171558206600756e-03
18 44 -1.968391172578273e-03
18 45 -1.790882256017076e-03
18 46 -1.635009328718715e-03
18 47 -1.497495111780778e-03
18 48 -1.375649434347318e-03
19 1 -4.947509738595902e-03
19 2 -5.710631240766640e-03
19 3 -6.649535860583458e-03
19 4 -7.820008956881067e-03
19 5 -9.301143316496672e-03
19 6 -1.120781123832390e-02
19 7 -1.371154214425179e-02
19 8 -1.707687395671974e-02
19 9 -2.172763699980144e-02
19 10 -2.837464678449582e-02
19 11 -3.827867017036056e-02
19 12 -5.383883408270178e-02
19 13 -8.005748918792324e-02
19 14 -1.287507512901883e-01
19 15 -2.334552178861993e-01
19 16 -5.241206859123201e-01
19 17 -2.238139267313785e+00
19 18 -1.062113428964676e+01
19 19 2.820220640356642e+01
19 20 -1.062113428964710e+01
19 21 -2.238139267313784e+00
19 22 -5.241206859123215e-01
19 23 -2.334552178862010e-01
19 24 -1.287507512901883e-01
19 25 -8.005748918792187e-02
19 26 -5.383883408270104e-02
19 27 -3.827867017036033e-02
19 28 -2.837464678449558e-02
19 29 -2.172763699980140e-02
19 30 -1.707687395671975e-02
19 31 -1.371154214425174e-02
19 32 -1.120781123832390e-02
19 33 -9.301143316496641e-03
19 34 -7.820008956881045e-03
19 35 -6.649535860583458e-03
19 36 -5.710631240766624e-03
19 37 -4.947509738595904e-03
19 38 -4.319984954514198e-03
19 39 -3.798561550265717e-03
19 40 -3.361227574443884e-03
19 41 -2.991308689718779e-03
19 42 -2.676002598729814e-03
19 43 -2.405359106310116e-03
19 44 -2.171558206600767e-03
19 45 -1.968391172578272e-03
19 46 -1.790882256017084e-03
19 47 -1.635009328718714e-03
19 48 -1.497495111780784e-03
20 1 -4.319984954514192e-03
20 2 -4.947509738595902e-03
20 3 -5.710631240766624e-03
20 4 -6.649535860583469e-03
20 5 -7.820008956881033e-03
20 6 -9.301143316496657e-03
20 7 -1.120781123832390e-02
20 8 -1.371154214425173e-02
20 9 -1.707687395671972e-02
20 10 -2.172763699980146e-02
20 11 -2.837464678449561e-02
20 12 -3.827867017036039e-02
20 13 -5.383883408270160e-02
20 14 -8.005748918792252e-02
20 15 -1.287507512901890e-01
20 16 -2.334552178862006e-01
20 17 -5.241206859123207e-01
20 18 -2.238139267313790e+00
20 19 -1.062113428964710e+01
20 20 2.820220640356753e+01
20 21 -1.062113428964790e+01
20 22 -2.238139267313777e+00
20 23 -5.241206859123162e-01
20 24 -2.334552178861985e-01
20 25 -1.287507512901877e-01
20 26 -8.005748918792291e-02
20 27 -5.383883408270178e-02
20 28 -3.827867017036057e-02
20 29 -2.837464678449580e-02
20 30 -2.172763699980147e-02
20 31 -1.707687395671975e-02
20 32 -1.371154214425179e-02
20 33 -1.120781123832388e-02
20 34 -9.301143316496684e-03
20 35 -7.820008956881055e-03
20 36 -6.649535860583459e-03
20 37 -5.710631240766640e-03
20 38 -4.947509738595909e-03
20 39 -4.319984954514198e-03
20 40 -3.798561550265726e-03
20 41 -3.361227574443884e-03
20 42 -2.991308689718779e-03
20 43 -2.676002598729809e-03
20 44 -2.405359106310116e-03
20 45 -2.171558206600757e-03
20 46 -1.968391172578273e-03
20 47 -1.790882256017076e-03
20 48 -1.635009328718715e-03
21 1 -3.798561550265722e-03
21 2 -4.319984954514203e-03
21 3 -4.947509738595904e-03
21 4 -5.710631240766648e-03
21 5 -6.649535860583459e-03
21 6 -7.820008956881046e-03
21 7 -9.301143316496686e-03
21 8 -1.120781123832390e-02
21 9 -1.371154214425176e-02
21 10 -1.707687395671978e-02
21 11 -2.172763699980139e-02
21 12 -2.837464678449566e-02
21 13 -3.827867017036043e-02
21 14 -5.383883408270128e-02
21 15 -8.005748918792263e-02
21 16 -1.287507512901881e-01
21 17 -2.334552178861985e-01
21 18 -5.241206859123255e-01
21 19 -2.238139267313784e+00
21 20 -1.062113428964790e+01
21 21 2.820220640356976e+01
21 22 -1.062113428964940e+01
21 23 -2.238139267313768e+00
21 24 -5.241206859123236e-01
21 25 -2.334552178862008e-01
21 26 -1.287507512901905e-01
21 27 -8.005748918792344e-02
21 28 -5.383883408270177e-02
21 29 -3.827867017036064e-02
21 30 -2.837464678449567e-02
21 31 -2.172763699980140e-02
21 32 -1.707687395671974e-02
21 33 -1.371154214425171e-02
21 34 -1.120781123832390e-02
21 35 -9.301143316496670e-03
21 36 -7.820008956881033e-03
21 37 -6.649535860583459e-03
21 38 -5.710631240766631e-03
21 39 -4.947509738595895e-03
21 40 -4.319984954514197e-03
21 41 -3.798561550265717e-03
21 42 -3.361227574443884e-03
21 43 -2.991308689718780e-03
21 44 -2.676002598729819e-03
21 45 -2.405359106310117e-03
21 46 -2.171558206600767e-03
21 47 -1.968391172578273e-03
21 48 -1.790882256017084e-03
22 1 -3.361227574443884e-03
22 2 -3.798561550265726e-03
22 3 -4.319984954514198e-03
22 4 -4.947509738595915e-03
22 5 -5.710631240766633e-03
22 6 -6.649535860583458e-03
22 7 -7.820008956881055e-03
22 8 -9.301143316496670e-03
22 9 -1.120781123832390e-02
22 10 -1.371154214425179e-02
22 11 -1.707687395671975e-02
22 12 -2.172763699980149e-02
22 13 -2.837464678449572e-02
22 14 -3.827867017036035e-02
22 15 -5.383883408270142e-02
22 16 -8.005748918792233e-02
22 17 -1.287507512901876e-01
22 18 -2.334552178862001e-01
22 19 -5.241206859123215e-01
22 20 -2.238139267313777e+00
22 21 -1.062113428964940e+01
22 22 2.820220640357439e+01
22 23 -1.062113428965266e+01
22 24 -2.238139267313790e+00
22 25 -5.241206859123287e-01
22 26 -2.334552178862032e-01
22 27 -1.287507512901887e-01
22 28 -8.005748918792266e-02
22 29 -5.383883408270173e-02
22 30 -3.827867017036036e-02
22 31 -2.837464678449568e-02
22 32 -2.172763699980145e-02
22 33 -1.707687395671968e-02
22 34 -1.371154214425176e-02
22 35 -1.120781123832390e-02
22 36 -9.301143316496657e-03
22 37 -7.820008956881046e-03
22 38 -6.649535860583458e-03
22 39 -5.710631240766624e-03
22 40 -4.947509738595902e-03
22 41 -4.319984954514192e-03
22 42 -3.798561550265722e-03
22 43 -3.361227574443884e-03
22 44 -2.991308689718779e-03
22 45 -2.676002598729815e-03
22 46 -2.405359106310122e-03
22 47 -2.171558206600762e-03
22 48 -1.968391172578277e-03
23 1 -2.991308689718779e-03
23 2 -3.361227574443884e-03
23 3 -3.798561550265717e-03
23 4 -4.319984954514203e-03
23 5 -4.947509738595896e-03
23 6 -5.710631240766624e-03
23 7 -6.649535860583459e-03
23 8 -7.820008956881033e-03
23 9 -9.301143316496657e-03
23 10 -1.120781123832390e-02
23 11 -1.371154214425174e-02
23 12 -1.707687395671975e-02
23 13 -2.172763699980140e-02
23 14 -2.837464678449563e-02
23 15 -3.827867017036041e-02
23 16 -5.383883408270164e-02
23 17 -8.005748918792309e-02
23 18 -1.287507512901905e-01
23 19 -2.334552178862010e-01
23 20 -5.241206859123162e-01
23 21 -2.238139267313768e+00
23 22 -1.062113428965266e+01
23 23 2.820220640355192e+01
23 24 -1.062113428962920e+01
23 25 -2.238139267313791e+00
23 26 -5.241206859123211e-01
23 27 -2.334552178861988e-01
23 28 -1.287507512901885e-01
23 29 -8.005748918792317e-02
23 30 -5.383883408270129e-02
23 31 -3.827867017036041e-02
23 32 -2.837464678449573e-02
23 33 -2.172763699980137e-02
23 34 -1.707687395671978e-02
23 35 -1.371154214425179e-02
23 36 -1.120781123832390e-02
23 37 -9.301143316496686e-03
23 38 -7.820008956881055e-03
23 39 -6.649535860583459e-03
23 40 -5.710631240766640e-03
23 41 -4.947509738595902e-03
23 42 -4.319984954514203e-03
23 43 -3.798561550265726e-03
23 44 -3.361227574443884e-03
23 45 -2.991308689718779e-03
23 46 -2.676002598729815e-03
23 47 -2.405359106310110e-03
23 48 -2.171558206600762e-03
24 1 -2.676002598729815e-03
24 2 -2.991308689718779e-03
24 3 -3.361227574443884e-03
24 4 -3.798561550265730e-03
24 5 -4.319984954514198e-03
24 6 -4.947509738595904e-03
24 7 -5.710631240766640e-03
24 8 -6.649535860583459e-03
24 9 -7.820008956881046e-03
24 10 -9.301143316496686e-03
24 11 -1.120781123832390e-02
24 12 -1.371154214425179e-02
24 13 -1.707687395671975e-02
24 14 -2.172763699980144e-02
24 15 -2.837464678449572e-02
24 16 -3.827867017036061e-02
24 17 -5.383883408270173e-02
24 18 -8.005748918792334e-02
24 19 -1.287507512901883e-01
24 20 -2.334552178861985e-01
24 21 -5.241206859123236e-01
24 22 -2.238139267313790e+00
24 23 -1.062113428962920e+01
24 24 2.820220640350644e+01
24 25 -1.062113428960581e+01
24 26 -2.238139267313778e+00
24 27 -5.241206859123276e-01
24 28 -2.334552178862012e-01
24 29 -1.287507512901905e-01
24 30 -8.005748918792269e-02
24 31 -5.383883408270141e-02
24 32 -3.827867017036050e-02
24 33 -2.837464678449558e-02
24 34 -2.172763699980142e-02
24 35 -1.707687395671974e-02
24 36 -1.371154214425173e-02
24 37 -1.120781123832390e-02
24 38 -9.301143316496670e-03
24 39 -7.820008956881033e-03
24 40 -6.649535860583458e-03
24 41 -5.710631240766624e-03
24 42 -4.947509738595902e-03
24 43 -4.319984954514197e-03
24 44 -3.798561550265717e-03
24 45 -3.361227574443884e-03
24 46 -2.991308689718782e-03
24 47 -2.676002598729813e-03
24 48 -2.405359106310122e-03
25 1 -2.405359106310122e-03
25 2 -2.676002598729815e-03
25 3 -2.991308689718782e-03
25 4 -3.361227574443891e-03
25 5 -3.798561550265722e-03
25 6 -4.319984954514198e-03
25 7 -4.947509738595909e-03
25 8 -5.710631240766631e-03
25 9 -6.649535860583459e-03
25 10 -7.820008956881057e-03
25 11 -9.301143316496672e-03
25 12 -1.120781123832392e-02
25 13 -1.371154214425176e-02
25 14 -1.707687395671975e-02
25 15 -2.172763699980143e-02
25 16 -2.837464678449566e-02
25 17 -3.827867017036036e-02
25 18 -5.383883408270150e-02
25 19 -8.005748918792187e-02
25 20 -1.287507512901877e-01
25 21 -2.334552178862008e-01
25 22 -5.241206859123287e-01
25 23 -2.238139267313791e+00
25 24 -1.062113428960581e+01
25 25 2.820220640346544e+01
25 26 -1.062113428958797e+01
25 27 -2.238139267313788e+00
25 28 -5.241206859123241e-01
25 29 -2.334552178862017e-01
25 30 -1.287507512901886e-01
25 31 -8.005748918792280e-02
25 32 -5.383883408270191e-02
25 33 -3.827867017036049e-02
25 34 -2.837464678449576e-02
25 35 -2.172763699980145e-02
25 36 -1.707687395671971e-02
25 37 -1.371154214425176e-02
25 38 -1.120781123832390e-02
25 39 -9.301143316496655e-03
25 40 -7.820008956881043e-03
25 41 -6.649535860583450e-03
25 42 -5.710631240766631e-03
25 43 -4.947509738595902e-03
25 44 -4.319984954514192e-03
25 45 -3.798561550265721e-03
25 46 -3.361227574443884e-03
25 47 -2.991308689718775e-03
25 48 -2.676002598729815e-03
26 1 -2.171558206600762e-03
26 2 -2.405359106310110e-03
26 3 -2.676002598729815e-03
26 4 -2.991308689718782e-03
26 5 -3.361227574443884e-03
26 6 -3.798561550265722e-03
26 7 -4.319984954514203e-03
26 8 -4.947509738595902e-03
26 9 -5.710631240766633e-03
26 10 -6.649535860583469e-03
26 11 -7.820008956881046e-03
26 12 -9.301143316496686e-03
26 13 -1.120781123832390e-02
26 14 -1.371154214425176e-02
26 15 -1.707687395671978e-02
26 16 -2.172763699980142e-02
26 17 -2.837464678449564e-02
26 18 -3.827867017036043e-02
26 19 -5.383883408270104e-02
26 20 -8.005748918792291e-02
26 21 -1.287507512901905e-01
26 22 -2.334552178862032e-01
26 23 -5.241206859123211e-01
26 24 -2.238139267313778e+00
26 25 -1.062113428958797e+01
26 26 2.820220640343410e+01
26 27 -1.062113428957439e+01
26 28 -2.238139267313782e+00
26 29 -5.241206859123186e-01
26 30 -2.334552178861986e-01
26 31 -1.287507512901884e-01
26 32 -8.005748918792324e-02
26 33 -5.383883408270159e-02
26 34 -3.827867017036061e-02
26 35 -2.837464678449580e-02
26 36 -2.172763699980141e-02
26 37 -1.707687395671975e-02
26 38 -1.371154214425176e-02
26 39 -1.120781123832388e-02
26 40 -9.301143316496670e-03
26 41 -7.820008956881033e-03
26 42 -6.649535860583459e-03
26 43 -5.710631240766631e-03
26 44 -4.947509738595895e-03
26 45 -4.319984954514198e-03
26 46 -3.798561550265721e-03
26 47 -3.361227574443880e-03
26 48 -2.991308689718782e-03
27 1 -1.968391172578277e-03
27 2 -2.171558206600762e-03
27 3 -2.405359106310122e-03
27 4 -2.676002598729816e-03
27 5 -2.991308689718782e-03
27 6 -3.361227574443884e-03
27 7 -3.798561550265726e-03
27 8 -4.319984954514197e-03
27 9 -4.947509738595902e-03
27 10 -5.710631240766640e-03
27 11 -6.649535860583458e-03
27 12 -7.820008956881055e-03
27 13 -9.301143316496670e-03
27 14 -1.120781123832390e-02
27 15 -1.371154214425179e-02
27 16 -1.707687395671974e-02
27 17 -2.172763699980144e-02
27 18 -2.837464678449576e-02
27 19 -3.827867017036033e-02
27 20 -5.383883408270178e-02
27 21 -8.005748918792344e-02
27 22 -1.287507512901887e-01
27 23 -2.334552178861988e-01
27 24 -5.241206859123276e-01
27 25 -2.238139267313788e+00
27 26 -1.062113428957439e+01
27 27 2.820220640341115e+01
27 28 -1.062113428956510e+01
27 29 -2.238139267313777e+00
27 30 -5.241206859123194e-01
27 31 -2.334552178861999e-01
27 32 -1.287507512901891e-01
27 33 -8.005748918792244e-02
27 34 -5.383883408270145e-02
27 35 -3.827867017036048e-02
27 36 -2.837464678449562e-02
27 37 -2.172763699980142e-02
27 38 -1.707687395671975e-02
27 39 -1.371154214425174e-02
27 40 -1.120781123832390e-02
27 41 -9.301143316496657e-03
27 42 -7.820008956881046e-03
27 43 -6.649535860583458e-03
27 44 -5.710631240766624e-03
27 45 -4.947509738595904e-03
27 46 -4.319984954514198e-03
27 47 -3.798561550265717e-03
27 48 -3.361227574443884e-03
28 1 -1.790882256017079e-03
28 2 -1.968391172578268e-03
28 3 -2.171558206600762e-03
28 4 -2.405359106310110e-03
28 5 -2.676002598729812e-03
28 6 -2.991308689718775e-03
28 7 -3.361227574443884e-03
28 8 -3.798561550265717e-03
28 9 -4.319984954514192e-03
28 10 -4.947509738595902e-03
28 11 -5.710631240766624e-03
28 12 -6.649535860583459e-03
28 13 -7.820008956881033e-03
28 14 -9.301143316496657e-03
28 15 -1.120781123832390e-02
28 16 -1.371154214425173e-02
28 17 -1.707687395671971e-02
28 18 -2.172763699980141e-02
28 19 -2.837464678449558e-02
28 20 -3.827867017036057e-02
28 21 -5.383883408270177e-02
28 22 -8.005748918792266e-02
28 23 -1.287507512901885e-01
28 24 -2.334552178862012e-01
28 25 -5.241206859123241e-01
28 26 -2.238139267313782e+00
28 27 -1.062113428956510e+01
28 28 2.820220640339381e+01
28 29 -1.062113428955658e+01
28 30 -2.238139267313778e+00
28 31 -5.241206859123256e-01
28 32 -2.334552178861991e-01
28 33 -1.287507512901881e-01
28 34 -8.005748918792277e-02
28 35 -5.383883408270165e-02
28 36 -3.827867017036043e-02
28 37 -2.837464678449568e-02
28 38 -2.172763699980143e-02
28 39 -1.707687395671975e-02
28 40 -1.371154214425179e-02
28 41 -1.120781123832390e-02
28 42 -9.301143316496686e-03
28 43 -7.820008956881055e-03
28 44 -6.649535860583459e-03
28 45 -5.710631240766640e-03
28 46 -4.947509738595909e-03
28 47 -4.319984954514198e-03
28 48 -3.798561550265726e-03
29 1 -1.635009328718714e-03
29 2 -1.790882256017076e-03
29 3 -1.968391172578272e-03
29 4 -2.171558206600756e-03
29 5 -2.405359106310116e-03
29 6 -2.676002598729809e-03
29 7 -2.991308689718781e-03
29 8 -3.361227574443884e-03
29 9 -3.798561550265722e-03
29 10 -4.319984954514203e-03
29 11 -4.947509738595904e-03
29 12 -5.710631240766640e-03
29 13 -6.649535860583459e-03
29 14 -7.820008956881046e-03
29 15 -9.301143316496686e-03
29 16 -1.120781123832390e-02
29 17 -1.371154214425176e-02
29 18 -1.707687395671975e-02
29 19 -2.172763699980140e-02
29 20 -2.837464678449580e-02
29 21 -3.827867017036064e-02
29 22 -5.383883408270173e-02
29 23 -8.005748918792317e-02
29 24 -1.287507512901905e-01
29 25 -2.334552178862017e-01
29 26 -5.241206859123186e-01
29 27 -2.238139267313777e+00
29 28 -1.062113428955658e+01
29 29 2.820220640337915e+01
29 30 -1.062113428955057e+01
29 31 -2.238139267313789e+00
29 32 -5.241206859123171e-01
29 33 -2.334552178861977e-01
29 34 -1.287507512901887e-01
29 35 -8.005748918792288e-02
29 36 -5.383883408270150e-02
29 37 -3.827867017036039e-02
29 38 -2.837464678449559e-02
29 39 -2.172763699980143e-02
29 40 -1.707687395671974e-02
29 41 -1.371154214425173e-02
29 42 -1.120781123832390e-02
29 43 -9.301143316496670e-03
29 44 -7.820008956881033e-03
29 45 -6.649535860583459e-03
29 46 -5.710631240766631e-03
29 47 -4.947509738595895e-03
29 48 -4.319984954514197e-03
30 1 -1.497495111780784e-03
30 2 -1.635009328718715e-03
30 3 -1.790882256017084e-03
30 4 -1.968391172578273e-03
30 5 -2.171558206600767e-03
30 6 -2.405359106310116e-03
30 7 -2.676002598729820e-03
30 8 -2.991308689718782e-03
30 9 -3.361227574443884e-03
30 10 -3.798561550265726e-03
30 11 -4.319984954514198e-03
30 12 -4.947509738595909e-03
30 13 -5.710631240766631e-03
30 14 -6.649535860583458e-03
30 15 -7.820008956881055e-03
30 16 -9.301143316496670e-03
30 17 -1.120781123832390e-02
30 18 -1.371154214425176e-02
30 19 -1.707687395671975e-02
30 20 -2.172763699980147e-02
30 21 -2.837464678449567e-02
30 22 -3.827867017036036e-02
30 23 -5.383883408270129e-02
30 24 -8.005748918792269e-02
30 25 -1.287507512901886e-01
30 26 -2.334552178861986e-01
30 27 -5.241206859123194e-01
30 28 -2.238139267313778e+00
30 29 -1.062113428955057e+01
30 30 2.820220640336841e+01
30 31 -1.062113428954559e+01
30 32 -2.238139267313781e+00
30 33 -5.241206859123212e-01
30 34 -2.334552178862004e-01
30 35 -1.287507512901893e-01
30 36 -8.005748918792312e-02
30 37 -5.383883408270173e-02
30 38 -3.827867017036046e-02
30 39 -2.837464678449588e-02
30 40 -2.172763699980143e-02
30 41 -1.707687395671972e-02
30 42 -1.371154214425176e-02
30 43 -1.120781123832390e-02
30 44 -9.301143316496657e-03
30 45 -7.820008956881046e-03
30 46 -6.649535860583458e-03
30 47 -5.710631240766624e-03
30 48 -4.947509738595902e-03
31 1 -1.375649434347318e-03
31 2 -1.497495111780778e-03
31 3 -1.635009328718714e-03
31 4 -1.790882256017076e-03
31 5 -1.968391172578272e-03
31 6 -2.171558206600757e-03
31 7 -2.405359106310117e-03
31 8 -2.676002598729814e-03
31 9 -2.991308689718775e-03
31 10 -3.361227574443884e-03
31 11 -3.798561550265717e-03
31 12 -4.319984954514198e-03
31 13 -4.947509738595895e-03
31 14 -5.710631240766624e-03
31 15 -6.649535860583459e-03
31 16 -7.820008956881033e-03
31 17 -9.301143316496655e-03
31 18 -1.120781123832388e-02
31 19 -1.371154214425174e-02
31 20 -1.707687395671975e-02
31 21 -2.172763699980140e-02
31 22 -2.837464678449568e-02
31 23 -3.827867017036041e-02
31 24 -5.383883408270141e-02
31 25 -8.005748918792280e-02
31 26 -1.287507512901884e-01
31 27 -2.334552178861999e-01
31 28 -5.241206859123256e-01
31 29 -2.238139267313789e+00
31 30 -1.062113428954559e+01
31 31 2.820220640335965e+01
31 32 -1.062113428954172e+01
31 33 -2.238139267313780e+00
31 34 -5.241206859123227e-01
31 35 -2.334552178862001e-01
31 36 -1.287507512901891e-01
31 37 -8.005748918792284e-02
31 38 -5.383883408270131e-02
31 39 -3.827867017036070e-02
31 40 -2.837464678449568e-02
31 41 -2.172763699980142e-02
31 42 -1.707687395671978e-02
31 43 -1.371154214425179e-02
31 44 -1.120781123832390e-02
31 45 -9.301143316496686e-03
31 46 -7.820008956881055e-03
31 47 -6.649535860583459e-03
31 48 -5.710631240766640e-03
32 1 -1.267248829047248e-03
32 2 -1.375649434347318e-03
32 3 -1.497495111780784e-03
32 4 -1.635009328718715e-03
32 5 -1.790882256017084e-03
32 6 -1.968391172578273e-03
32 7 -2.171558206600767e-03
32 8 -2.405359106310122e-03
32 9 -2.676002598729815e-03
32 10 -2.991308689718784e-03
32 11 -3.361227574443884e-03
32 12 -3.798561550265726e-03
32 13 -4.319984954514197e-03
32 14 -4.947509738595902e-03
32 15 -5.710631240766640e-03
32 16 -6.649535860583458e-03
32 17 -7.820008956881043e-03
32 18 -9.301143316496670e-03
32 19 -1.120781123832390e-02
32 20 -1.371154214425179e-02
32 21 -1.707687395671974e-02
32 22 -2.172763699980145e-02
32 23 -2.837464678449573e-02
32 24 -3.827867017036050e-02
32 25 -5.383883408270191e-02
32 26 -8.005748918792324e-02
32 27 -1.287507512901891e-01
32 28 -2.334552178861991e-01
32 29 -5.241206859123171e-01
32 30 -2.238139267313781e+00
32 31 -1.062113428954172e+01
32 32 2.820220640335315e+01
32 33 -1.062113428964650e+01
32 34 -2.238139267313791e+00
32 35 -5.241206859123204e-01
32 36 -2.334552178862019e-01
32 37 -1.287507512901897e-01
32 38 -8.005748918792263e-02
32 39 -5.383883408270176e-02
32 40 -3.827867017036037e-02
32 41 -2.837464678449557e-02
32 42 -2.172763699980141e-02
32 43 -1.707687395671975e-02
32 44 -1.371154214425174e-02
32 45 -1.120781123832390e-02
32 46 -9.301143316496670e-03
32 47 -7.820008956881033e-03
32 48 -6.649535860583458e-03
33 17 -6.649535860583440e-03
33 18 -7.820008956881020e-03
33 19 -9.301143316496641e-03
33 20 -1.120781123832388e-02
33 21 -1.371154214425171e-02
33 22 -1.707687395671968e-02
33 23 -2.172763699980137e-02
33 24 -2.837464678449558e-02
33 25 -3.827867017036049e-02
33 26 -5.383883408270159e-02
33 27 -8.005748918792244e-02
33 28 -1.287507512901881e-01
33 29 -2.334552178861977e-01
33 30 -5.241206859123212e-01
33 31 -2.238139267313780e+00
33 32 -1.062113428964650e+01
33 33 2.820220640335313e+01
33 34 -1.062113428954176e+01
33 35 -2.238139267313763e+00
33 36 -5.241206859123180e-01
33 37 -2.334552178862004e-01
33 38 -1.287507512901885e-01
33 39 -8.005748918792321e-02
33 40 -5.383883408270174e-02
33 41 -3.827867017036046e-02
33 42 -2.837464678449575e-02
33 43 -2.172763699980152e-02
33 44 -1.707687395671979e-02
33 45 -1.371154214425181e-02
33 46 -1.120781123832394e-02
33 47 -9.301143316496686e-03
33 48 -7.820008956881067e-03
33 49 -6.649535860583469e-03
33 50 -5.710631240766648e-03
33 51 -4.947509738595915e-03
33 52 -4.319984954514203e-03
33 53 -3.798561550265730e-03
33 54 -3.361227574443891e-03
33 55 -2.991308689718784e-03
33 56 -2.676002598729815e-03
33 57 -2.405359106310116e-03
33 58 -2.171558206600767e-03
33 59 -1.968391172578272e-03
33 60 -1.790882256017084e-03
33 61 -1.635009328718714e-03
33 62 -1.497495111780784e-03
33 63 -1.375649434347318e-03
33 64 -1.267248829047248e-03
34 17 -5.710631240766631e-03
34 18 -6.649535860583458e-03
34 19 -7.820008956881045e-03
34 20 -9.301143316496684e-03
34 21 -1.120781123832390e-02
34 22 -1.371154214425176e-02
34 23 -1.707687395671978e-02
34 24 -2.172763699980142e-02
34 25 -2.837464678449576e-02
34 26 -3.827867017036061e-02
34 27 -5.383883408270145e-02
34 28 -8.005748918792277e-02
34 29 -1.287507512901887e-01
34 30 -2.334552178862004e-01
34 31 -5.241206859123227e-01
34 32 -2.238139267313791e+00
34 33 -1.062113428954176e+01
34 34 2.820220640335965e+01
34 35 -1.062113428954555e+01
34 36 -2.238139267313780e+00
34 37 -5.241206859123246e-01
34 38 -2.334552178862002e-01
34 39 -1.287507512901890e-01
34 40 -8.005748918792287e-02
34 41 -5.383883408270128e-02
34 42 -3.827867017036033e-02
34 43 -2.837464678449568e-02
34 44 -2.172763699980140e-02
34 45 -1.707687395671975e-02
34 46 -1.371154214425176e-02
34 47 -1.120781123832388e-02
34 48 -9.301143316496672e-03
34 49 -7.820008956881033e-03
34 50 -6.649535860583459e-03
34 51 -5.710631240766633e-03
34 52 -4.947509738595896e-03
34 53 -4.319984954514198e-03
34 54 -3.798561550265722e-03
34 55 -3.361227574443880e-03
34 56 -2.991308689718778e-03
34 57 -2.676002598729808e-03
34 58 -2.405359106310116e-03
34 59 -2.171558206600757e-03
34 60 -1.968391172578273e-03
34 61 -1.790882256017076e-03
34 62 -1.635009328718715e-03
34 63 -1.497495111780778e-03
34 64 -1.375649434347318e-03
35 17 -4.947509738595902e-03
35 18 -5.710631240766631e-03
35 19 -6.649535860583458e-03
35 20 -7.820008956881055e-03
35 21 -9.301143316496670e-03
35 22 -1.120781123832390e-02
35 23 -1.371154214425179e-02
35 24 -1.707687395671974e-02
35 25 -2.172763699980145e-02
35 26 -2.837464678449580e-02
35 27 -3.827867017036048e-02
35 28 -5.383883408270165e-02
35 29 -8.005748918792288e-02
35 30 -1.287507512901893e-01
35 31 -2.334552178862001e-01
35 32 -5.241206859123204e-01
35 33 -2.238139267313763e+00
35 34 -1.062113428954555e+01
35 35 2.820220640336838e+01
35 36 -1.062113428955058e+01
35 37 -2.238139267313805e+00
35 38 -5.241206859123284e-01
