%%MatrixMarket matrix coordinate real general
%
1116 1116 27702
1 559 -3.006726887858589e-01
1 560 -2.793431598941800e-01
1 561 -2.446315108683202e-01
1 562 -2.067353667989592e-01
1 563 -1.729276180283411e-01
1 564 -1.463813499100410e-01
1 565 -1.275248565064716e-01
1 566 -1.156605242284414e-01
1 567 -1.099707014448440e-01
1 838 -1.089325880345583e-01
1 839 -1.036963620649545e-01
1 840 -9.476797207989311e-02
1 841 -8.435527830274504e-02
1 842 -7.436211980355389e-02
1 843 -6.595095208400072e-02
1 844 -5.961551219488499e-02
1 845 -5.545140098328585e-02
1 846 -5.340034388847761e-02
2 559 -3.243538526881275e-01
2 560 -3.006726887858589e-01
2 561 -2.622969480931153e-01
2 562 -2.206470625134158e-01
2 563 -1.837275076643524e-01
2 564 -1.549100131201433e-01
2 565 -1.345409385781333e-01
2 566 -1.217711769889582e-01
2 567 -1.156605242284414e-01
2 838 -1.145465949382290e-01
2 839 -1.089325880345583e-01
2 840 -9.937836848747572e-02
2 841 -8.826641692042551e-02
2 842 -7.763516439686474e-02
2 843 -6.871373911266707e-02
2 844 -6.201125963742154e-02
2 845 -5.761446642688346e-02
2 846 -5.545140098328585e-02
3 559 -3.764755997469963e-01
3 560 -3.473935000738997e-01
3 561 -3.006726887858589e-01
3 562 -2.505724838099700e-01
3 563 -2.067353667989592e-01
3 564 -1.729276180283410e-01
3 565 -1.492670915465303e-01
3 566 -1.345409385781333e-01
3 567 -1.275248565064716e-01
3 838 -1.262480815876589e-01
3 839 -1.198239289390847e-01
3 840 -1.089325880345583e-01
3 841 -9.633454790860603e-02
3 842 -8.435527830274504e-02
3 843 -7.436211980355389e-02
3 844 -6.689253581252685e-02
3 845 -6.201125963742152e-02
3 846 -5.961551219488498e-02
4 559 -4.672163520879826e-01
4 560 -4.280628271363455e-01
4 561 -3.660018318562384e-01
4 562 -3.006726887858589e-01
4 563 -2.446315108683202e-01
4 564 -2.021910563497948e-01
4 565 -1.729276180283411e-01
4 566 -1.549100131201433e-01
4 567 -1.463813499100411e-01
4 838 -1.448332867554879e-01
4 839 -1.370630385581807e-01
4 840 -1.239635093043167e-01
4 841 -1.089325880345583e-01
4 842 -9.476797207989311e-02
4 843 -8.305369991701651e-02
4 844 -7.436211980355389e-02
4 845 -6.871373911266707e-02
4 846 -6.595095208400072e-02
5 559 -6.124072802715426e-01
5 560 -5.556075235898298e-01
5 561 -4.672163520879826e-01
5 562 -3.764755997469963e-01
5 563 -3.006726887858589e-01
5 564 -2.446315108683202e-01
5 565 -2.067353667989592e-01
5 566 -1.837275076643524e-01
5 567 -1.729276180283411e-01
5 838 -1.709737435024057e-01
5 839 -1.611970972849840e-01
5 840 -1.448332867554879e-01
5 841 -1.262480815876589e-01
5 842 -1.089325880345583e-01
5 843 -9.476797207989311e-02
5 844 -8.435527830274504e-02
5 845 -7.763516439686474e-02
5 846 -7.436211980355389e-02
6 559 -8.295548403345407e-01
6 560 -7.434207525182466e-01
6 561 -6.124072802715426e-01
6 562 -4.819883664294442e-01
6 563 -3.764755997469963e-01
6 564 -3.006726887858589e-01
6 565 -2.505724838099700e-01
6 566 -2.206470625134158e-01
6 567 -2.067353667989592e-01
6 838 -2.042280314907587e-01
6 839 -1.917267139548215e-01
6 840 -1.709737435024057e-01
6 841 -1.476762274914916e-01
6 842 -1.262480815876589e-01
6 843 -1.089325880345583e-01
6 844 -9.633454790860603e-02
6 845 -8.826641692042551e-02
6 846 -8.435527830274504e-02
7 559 -1.121124667670731e+00
7 560 -9.910501097237303e-01
7 561 -7.981279235153395e-01
7 562 -6.124072802715425e-01
7 563 -4.672163520879826e-01
7 564 -3.660018318562383e-01
7 565 -3.006726887858589e-01
7 566 -2.622969480931153e-01
7 567 -2.446315108683202e-01
7 838 -2.414598135748796e-01
7 839 -2.257028300775284e-01
7 840 -1.997603574808192e-01
7 841 -1.709737435024057e-01
7 842 -1.448332867554879e-01
7 843 -1.239635093043167e-01
7 844 -1.089325880345583e-01
7 845 -9.937836848747569e-02
7 846 -9.476797207989311e-02
8 559 -1.439036850040449e+00
8 560 -1.256144550576501e+00
8 561 -9.910501097237309e-01
8 562 -7.434207525182466e-01
8 563 -5.556075235898298e-01
8 564 -4.280628271363455e-01
8 565 -3.473935000738998e-01
8 566 -3.006726887858589e-01
8 567 -2.793431598941800e-01
8 838 -2.755258952985518e-01
8 839 -2.566186268700041e-01
8 840 -2.257028300775286e-01
8 841 -1.917267139548215e-01
8 842 -1.611970972849840e-01
8 843 -1.370630385581807e-01
8 844 -1.198239289390847e-01
8 845 -1.089325880345583e-01
8 846 -1.036963620649545e-01
9 559 -1.661496081551670e+00
9 560 -1.439036850040449e+00
9 561 -1.121124667670732e+00
9 562 -8.295548403345407e-01
9 563 -6.124072802715426e-01
9 564 -4.672163520879826e-01
9 565 -3.764755997469963e-01
9 566 -3.243538526881275e-01
9 567 -3.006726887858589e-01
9 838 -2.964424375255427e-01
9 839 -2.755258952985518e-01
9 840 -2.414598135748798e-01
9 841 -2.042280314907587e-01
9 842 -1.709737435024057e-01
9 843 -1.448332867554879e-01
9 844 -1.262480815876589e-01
9 845 -1.145465949382290e-01
9 846 -1.089325880345583e-01
10 289 -1.692694313425497e+00
10 290 -1.573278026589430e+00
10 291 -1.378784495381379e+00
10 292 -1.166210671620346e+00
10 293 -9.763400717273840e-01
10 294 -8.270824872003736e-01
10 295 -7.209614409382124e-01
10 296 -6.541450168140783e-01
10 297 -6.220882297879234e-01
10 424 -6.182288911855797e-01
10 425 -5.883622571742427e-01
10 426 -5.374610962463998e-01
10 427 -4.781397132967027e-01
10 428 -4.212536706277223e-01
10 429 -3.734099931673160e-01
10 430 -3.373971388707282e-01
10 431 -3.137387080048856e-01
10 432 -3.020892096336058e-01
11 289 -1.826287473181853e+00
11 290 -1.693676490362140e+00
11 291 -1.478602980455419e+00
11 292 -1.244915198989720e+00
11 293 -1.037513921138535e+00
11 294 -8.754424225428193e-01
11 295 -7.607772696112367e-01
11 296 -6.888418000156772e-01
11 297 -6.544044751579353e-01
11 424 -6.502619397608226e-01
11 425 -6.182288911855797e-01
11 426 -5.637411670114203e-01
11 427 -5.004161092704928e-01
11 428 -4.398803915433023e-01
11 429 -3.891211625343576e-01
11 430 -3.510129044822513e-01
11 431 -3.260269774731549e-01
11 432 -3.137387080048856e-01
12 289 -2.120418874898315e+00
12 290 -1.957490940847649e+00
12 291 -1.695524539174668e+00
12 292 -1.414282421604754e+00
12 293 -1.167890359528434e+00
12 294 -9.776497128586058e-01
12 295 -8.443821811243581e-01
12 296 -7.613798576273793e-01
12 297 -7.218179678936599e-01
12 424 -7.170667695519354e-01
12 425 -6.803846090158729e-01
12 426 -6.182288911855797e-01
12 427 -5.463898792631197e-01
12 428 -4.781397132967027e-01
12 429 -4.212536706277223e-01
12 430 -3.787640718166884e-01
12 431 -3.510129044822513e-01
12 432 -3.373971388707282e-01
13 289 -2.632770334573685e+00
13 290 -2.413266851714318e+00
13 291 -2.065033062280745e+00
13 292 -1.698018875582959e+00
13 293 -1.382779282335381e+00
13 294 -1.143765336321690e+00
13 295 -9.788034251754226e-01
13 296 -8.771654952973295e-01
13 297 -8.290350468151543e-01
13 424 -8.232688119718174e-01
13 425 -7.788529704968206e-01
13 426 -7.040200973974934e-01
13 427 -6.182288911855797e-01
13 428 -5.374610962463998e-01
13 429 -4.707279010941888e-01
13 430 -4.212536706277223e-01
13 431 -3.891211625343576e-01
13 432 -3.734099931673160e-01
14 289 -3.453230912966553e+00
14 290 -3.134494874109015e+00
14 291 -2.638024303538241e+00
14 292 -2.127719405198241e+00
14 293 -1.700861577264586e+00
14 294 -1.384911471120250e+00
14 295 -1.171056316635448e+00
14 296 -1.041129947151535e+00
14 297 -9.801176958874551e-01
14 424 -9.728309575698878e-01
14 425 -9.168696346860344e-01
14 426 -8.232688119718174e-01
14 427 -7.170667695519354e-01
14 428 -6.182288911855797e-01
14 429 -5.374610962463998e-01
14 430 -4.781397132967027e-01
14 431 -4.398803915433023e-01
14 432 -4.212536706277223e-01
15 289 -4.681615786545483e+00
15 290 -4.197690141365600e+00
15 291 -3.460913274046774e+00
15 292 -2.726537938842292e+00
15 293 -2.131618285569505e+00
15 294 -1.703710946077294e+00
15 295 -1.420631571907820e+00
15 296 -1.251433260696386e+00
15 297 -1.172745786307613e+00
15 424 -1.163381801982857e+00
15 425 -1.091712057942869e+00
15 426 -9.728309575698878e-01
15 427 -8.395243614487151e-01
15 428 -7.170667695519354e-01
15 429 -6.182288911855797e-01
15 430 -5.463898792631197e-01
15 431 -5.004161092704928e-01
15 432 -4.781397132967027e-01
16 289 -6.333065312057939e+00
16 290 -5.601295868889365e+00
16 291 -4.514893335776278e+00
16 292 -3.467688815706113e+00
16 293 -2.647938325838874e+00
16 294 -2.075824660447949e+00
16 295 -1.706222164309193e+00
16 296 -1.488973599626680e+00
16 297 -1.388931147182669e+00
16 424 -1.377069143862775e+00
16 425 -1.286591587732609e+00
16 426 -1.137763932851028e+00
16 427 -9.728309575698878e-01
16 428 -8.232688119718174e-01
16 429 -7.040200973974934e-01
16 430 -6.182288911855797e-01
16 431 -5.637411670114203e-01
16 432 -5.374610962463998e-01
17 289 -8.135998751445609e+00
17 290 -7.105826638905379e+00
17 291 -5.611162257754482e+00
17 292 -4.213175501952056e+00
17 293 -3.151518961495190e+00
17 294 -2.429750466196373e+00
17 295 -1.972859922038138e+00
17 296 -1.708089410519198e+00
17 297 -1.587171811125089e+00
17 424 -1.572878396096937e+00
17 425 -1.464167935993873e+00
17 426 -1.286591587732609e+00
17 427 -1.091712057942869e+00
17 428 -9.168696346860347e-01
17 429 -7.788529704968206e-01
17 430 -6.803846090158729e-01
17 431 -6.182288911855797e-01
17 432 -5.883622571742430e-01
18 289 -9.398841169440503e+00
18 290 -8.144848056180280e+00
18 291 -6.351030179926458e+00
18 292 -4.703762442550289e+00
18 293 -3.475416264630000e+00
18 294 -2.653234737631498e+00
18 295 -2.138972893063994e+00
18 296 -1.843413413813360e+00
18 297 -1.709084117722237e+00
18 424 -1.693233401042837e+00
18 425 -1.572878396096937e+00
18 426 -1.377069143862775e+00
18 427 -1.163381801982857e+00
18 428 -9.728309575698878e-01
18 429 -8.232688119718174e-01
18 430 -7.170667695519354e-01
18 431 -6.502619397608226e-01
18 432 -6.182288911855797e-01
19 154 -9.574614729634387e+00
19 155 -8.889146066145157e+00
19 156 -7.775104272782956e+00
19 157 -6.561121061186155e+00
19 158 -5.480293915241062e+00
19 159 -4.633212351718157e+00
19 160 -4.032447527367290e+00
19 161 -3.654884744006198e+00
19 162 -3.473941125096045e+00
19 217 -3.474506751309654e+00
19 218 -3.305822207420247e+00
19 219 -3.018476085173524e+00
19 220 -2.683830168600692e+00
19 221 -2.363174995113677e+00
19 222 -2.093695379382182e+00
19 223 -1.890985667845473e+00
19 224 -1.757882547809217e+00
19 225 -1.692362090691685e+00
20 154 -1.033643095324033e+01
20 155 -9.574614729634387e+00
20 156 -8.341825046427683e+00
20 157 -7.006487222428525e+00
20 158 -5.825326686031464e+00
20 159 -4.905196295601533e+00
20 160 -4.255882868483919e+00
20 161 -3.849302824397643e+00
20 162 -3.654884744006198e+00
20 217 -3.655492042590887e+00
20 218 -3.474506751309654e+00
20 219 -3.166809340364654e+00
20 220 -2.809466074923410e+00
20 221 -2.468141728045713e+00
20 222 -2.182166974084299e+00
20 223 -1.967612385136539e+00
20 224 -1.827010064635734e+00
20 225 -1.757882547809217e+00
21 154 -1.201587383900892e+01
21 155 -1.107835799012934e+01
21 156 -9.574614729634387e+00
21 157 -7.965639254186712e+00
21 158 -6.561121061186155e+00
21 159 -5.480293915241062e+00
21 160 -4.725222561891924e+00
21 161 -4.255882868483919e+00
21 162 -4.032447527367290e+00
21 217 -4.033144438414759e+00
21 218 -3.825743420874305e+00
21 219 -3.474506751309654e+00
21 220 -3.068867587058502e+00
21 221 -2.683830168600692e+00
21 222 -2.363174995113677e+00
21 223 -2.123842453891741e+00
21 224 -1.967612385136539e+00
21 225 -1.890985667845472e+00
22 154 -1.494779861498956e+01
22 155 -1.368150707278907e+01
22 156 -1.167810560660192e+01
22 157 -9.574614729634387e+00
22 158 -7.775104272782956e+00
22 159 -6.415715554614597e+00
22 160 -5.480293915241062e+00
22 161 -4.905196295601533e+00
22 162 -4.633212351718157e+00
22 217 -4.634058836633239e+00
22 218 -4.382665377912800e+00
22 219 -3.959369130368139e+00
22 220 -3.474506751309654e+00
22 221 -3.018476085173524e+00
22 222 -2.642036885188114e+00
22 223 -2.363174995113677e+00
22 224 -2.182166974084299e+00
22 225 -2.093695379382181e+00
23 154 -1.965797867548967e+01
23 155 -1.781273753561950e+01
23 156 -1.494779861498956e+01
23 157 -1.201587383900892e+01
23 158 -9.574614729634387e+00
23 159 -7.775104272782956e+00
23 160 -6.561121061186155e+00
23 161 -5.825326686031464e+00
23 162 -5.480293915241062e+00
23 217 -5.481364727624738e+00
23 218 -5.164192904081581e+00
23 219 -4.634058836633239e+00
23 220 -4.033144438414759e+00
23 221 -3.474506751309654e+00
23 222 -3.018476085173524e+00
23 223 -2.683830168600692e+00
23 224 -2.468141728045713e+00
23 225 -2.363174995113676e+00
24 154 -2.673974080500022e+01
24 155 -2.392576221076380e+01
24 156 -1.965797867548967e+01
24 157 -1.542600298524219e+01
24 158 -1.201587383900892e+01
24 159 -9.574614729634387e+00
24 160 -7.965639254186712e+00
24 161 -7.006487222428525e+00
24 162 -6.561121061186155e+00
24 217 -6.562498783523828e+00
24 218 -6.155662329298675e+00
24 219 -5.481364727624738e+00
24 220 -4.726092675078757e+00
24 221 -4.033144438414759e+00
24 222 -3.474506751309654e+00
24 223 -3.068867587058502e+00
24 224 -2.809466074923410e+00
24 225 -2.683830168600690e+00
25 154 -3.630787566909277e+01
25 155 -3.203164166150950e+01
25 156 -2.571231790214193e+01
25 157 -1.965797867548967e+01
25 158 -1.494779861498956e+01
25 159 -1.167810560660192e+01
25 160 -9.574614729634387e+00
25 161 -8.341825046427683e+00
25 162 -7.775104272782956e+00
25 217 -7.776851645797893e+00
25 218 -7.262442661838226e+00
25 219 -6.417050719801309e+00
25 220 -5.481364727624738e+00
25 221 -4.634058836633239e+00
25 222 -3.959369130368139e+00
25 223 -3.474506751309654e+00
25 224 -3.166809340364654e+00
25 225 -3.018476085173524e+00
26 154 -4.680635776969557e+01
26 155 -4.075885043383934e+01
26 156 -3.203164166150950e+01
26 157 -2.392576221076380e+01
26 158 -1.781273753561950e+01
26 159 -1.368150707278907e+01
26 160 -1.107835799012934e+01
26 161 -9.574614729634387e+00
26 162 -8.889146066145157e+00
26 217 -8.891253746425459e+00
26 218 -8.272367432019449e+00
26 219 -7.262442661838226e+00
26 220 -6.155662329298675e+00
26 221 -5.164192904081581e+00
26 222 -4.382665377912800e+00
26 223 -3.825743420874305e+00
26 224 -3.474506751309654e+00
26 225 -3.305822207420246e+00
27 154 -5.418866380312327e+01
27 155 -4.680635776969557e+01
27 156 -3.630787566909277e+01
27 157 -2.673974080500022e+01
27 158 -1.965797867548967e+01
27 159 -1.494779861498956e+01
27 160 -1.201587383900892e+01
27 161 -1.033643095324033e+01
27 162 -9.574614729634387e+00
27 217 -9.576953419733425e+00
27 218 -8.891253746425459e+00
27 219 -7.776851645797893e+00
27 220 -6.562498783523828e+00
27 221 -5.481364727624738e+00
27 222 -4.634058836633239e+00
27 223 -4.033144438414759e+00
27 224 -3.655492042590887e+00
27 225 -3.474506751309652e+00
28 91 -5.416220002058462e+01
28 92 -5.022802665401585e+01
28 93 -4.384775605445112e+01
28 94 -3.691576787298072e+01
28 95 -3.076399426974579e+01
28 96 -2.595709559721799e+01
28 97 -2.255642579678767e+01
28 98 -2.042309821102835e+01
28 99 -1.940184682836720e+01
28 118 -1.965477828103598e+01
28 119 -1.868638539910897e+01
28 120 -1.703919191177063e+01
28 121 -1.512488760406354e+01
28 122 -1.329495458443321e+01
28 123 -1.176059547904266e+01
28 124 -1.060867835459231e+01
28 125 -9.853429341258197e+00
28 126 -9.481996041747550e+00
29 91 -5.854167739062588e+01
29 92 -5.416220002058462e+01
29 93 -4.709127355580947e+01
29 94 -3.945623744516968e+01
29 95 -3.272567055994931e+01
29 96 -2.749904299969194e+01
29 97 -2.382033312167080e+01
29 98 -2.152122134484240e+01
29 99 -2.042309821102835e+01
29 118 -2.069491405507621e+01
29 119 -1.965477828103598e+01
29 120 -1.788911551281319e+01
29 121 -1.584304843472340e+01
29 122 -1.389349815853329e+01
29 123 -1.226396416963939e+01
29 124 -1.104387946780744e+01
29 125 -1.024555619181681e+01
29 126 -9.853429341258197e+00
30 91 -6.822130473847562e+01
30 92 -6.281372151469550e+01
30 93 -5.416220002058462e+01
30 94 -4.493773407536258e+01
30 95 -3.691576787298079e+01
30 96 -3.076399426974584e+01
30 97 -2.647856519201587e+01
30 98 -2.382033312167080e+01
30 99 -2.255642579678767e+01
30 118 -2.286892327170599e+01
30 119 -2.167439612784347e+01
30 120 -1.965477828103598e+01
30 121 -1.732783233138330e+01
30 122 -1.512488760406356e+01
30 123 -1.329495458443323e+01
30 124 -1.193207907657979e+01
30 125 -1.104387946780744e+01
30 126 -1.060867835459231e+01
31 91 -8.519517483067813e+01
31 92 -7.785301043566096e+01
31 93 -6.627188696201256e+01
31 94 -5.416220002058462e+01
31 95 -4.384775605445120e+01
31 96 -3.608702553199043e+01
31 97 -3.076399426974584e+01
31 98 -2.749904299969194e+01
31 99 -2.595709559721799e+01
31 118 -2.633769611063764e+01
31 119 -2.488515324007075e+01
31 120 -2.244385067447358e+01
31 121 -1.965477828103598e+01
31 122 -1.703919191177065e+01
31 123 -1.488613217089794e+01
31 124 -1.329495458443323e+01
31 125 -1.226396416963939e+01
31 126 -1.176059547904266e+01
32 91 -1.126412627324487e+02
32 92 -1.018648001725688e+02
32 93 -8.519517483067789e+01
32 94 -6.822130473847545e+01
32 95 -5.416220002058462e+01
32 96 -4.384775605445120e+01
32 97 -3.691576787298079e+01
32 98 -3.272567055994931e+01
32 99 -3.076399426974579e+01
32 118 -3.124714570833203e+01
32 119 -2.940698414844100e+01
32 120 -2.633769611063759e+01
32 121 -2.286892327170595e+01
32 122 -1.965477828103598e+01
32 123 -1.703919191177065e+01
32 124 -1.512488760406356e+01
32 125 -1.389349815853329e+01
32 126 -1.329495458443321e+01
33 91 -1.542594296889544e+02
33 92 -1.376754155022314e+02
33 93 -1.126412627324484e+02
33 94 -8.797210672023490e+01
33 95 -6.822130473847545e+01
33 96 -5.416220002058462e+01
33 97 -4.493773407536258e+01
33 98 -3.945623744516968e+01
33 99 -3.691576787298072e+01
33 118 -3.753990535183763e+01
33 119 -3.516834764837348e+01
33 120 -3.124714570833197e+01
33 121 -2.686994513509557e+01
33 122 -2.286892327170595e+01
33 123 -1.965477828103598e+01
33 124 -1.732783233138330e+01
33 125 -1.584304843472340e+01
33 126 -1.512488760406354e+01
34 91 -2.110594394308412e+02
34 92 -1.855995935319292e+02
34 93 -1.481975549592906e+02
34 94 -1.126412627324484e+02
34 95 -8.519517483067789e+01
34 96 -6.627188696201256e+01
34 97 -5.416220002058462e+01
34 98 -4.709127355580947e+01
34 99 -4.384775605445112e+01
34 118 -4.464258752012891e+01
34 119 -4.162959754596998e+01
34 120 -3.669157076800208e+01
34 121 -3.124714570833197e+01
34 122 -2.633769611063759e+01
34 123 -2.244385067447358e+01
34 124 -1.965477828103598e+01
34 125 -1.788911551281319e+01
34 126 -1.703919191177063e+01
35 91 -2.740253463570521e+02
35 92 -2.376781350194701e+02
35 93 -1.855995935319292e+02
35 94 -1.376754155022314e+02
35 95 -1.018648001725688e+02
35 96 -7.785301043566096e+01
35 97 -6.281372151469550e+01
35 98 -5.416220002058462e+01
35 99 -5.022802665401585e+01
35 118 -5.119003756964707e+01
35 119 -4.755056193732947e+01
35 120 -4.162959754596998e+01
35 121 -3.516834764837348e+01
35 122 -2.940698414844100e+01
35 123 -2.488515324007075e+01
35 124 -2.167439612784347e+01
35 125 -1.965477828103598e+01
35 126 -1.868638539910897e+01
36 91 -3.186570404137975e+02
36 92 -2.740253463570521e+02
36 93 -2.110594394308412e+02
36 94 -1.542594296889544e+02
36 95 -1.126412627324487e+02
36 96 -8.519517483067813e+01
36 97 -6.822130473847562e+01
36 98 -5.854167739062588e+01
36 99 -5.416220002058462e+01
36 118 -5.523176680988222e+01
36 119 -5.119003756964707e+01
36 120 -4.464258752012891e+01
36 121 -3.753990535183763e+01
36 122 -3.124714570833203e+01
36 123 -2.633769611063764e+01
36 124 -2.286892327170599e+01
36 125 -2.069491405507621e+01
36 126 -1.965477828103598e+01
37 64 -3.063876713483004e+02
37 65 -2.834940405416220e+02
37 66 -2.465242187361742e+02
37 67 -2.065949579279446e+02
37 68 -1.713862870770351e+02
37 69 -1.440380867405085e+02
37 70 -1.247853356035525e+02
37 71 -1.127509709215689e+02
37 72 -1.070024797565431e+02
37 73 -1.111842160419089e+02
37 74 -1.055461095533196e+02
37 75 -9.598399433823259e+01
37 76 -8.491781515654051e+01
37 77 -7.438912780129233e+01
37 78 -6.560118671262130e+01
37 79 -5.902935453865796e+01
37 80 -5.473321623088147e+01
37 81 -5.262419323068897e+01
38 64 -3.319556216131105e+02
38 65 -3.063876713483004e+02
38 66 -2.652933583509493e+02
38 67 -2.211983722679021e+02
38 68 -1.825891498743604e+02
38 69 -1.527942602237227e+02
38 70 -1.319312420702795e+02
38 71 -1.189412869405831e+02
38 72 -1.127509709215689e+02
38 73 -1.172531533915743e+02
38 74 -1.111842160419089e+02
38 75 -1.009133914944476e+02
38 76 -8.906329869598245e+01
38 77 -7.782733888750003e+01
38 78 -6.847999797516034e+01
38 79 -6.150954765285573e+01
38 80 -5.696249594188554e+01
38 81 -5.473321623088147e+01
39 64 -3.887598036107316e+02
39 65 -3.569772876657807e+02
39 66 -3.063876713483004e+02
39 67 -2.528256435647878e+02
39 68 -2.065949579279446e+02
39 69 -1.713862870770351e+02
39 70 -1.469975300984291e+02
39 71 -1.319312420702795e+02
39 72 -1.247853356035525e+02
39 73 -1.299802986234525e+02
39 74 -1.229802979272742e+02
39 75 -1.111842160419089e+02
39 76 -9.765696586054979e+01
39 77 -8.491781515654051e+01
39 78 -7.438912780129233e+01
39 79 -6.658144690999892e+01
39 80 -6.150954765285573e+01
39 81 -5.902935453865796e+01
40 64 -4.892660634384653e+02
40 65 -4.456579274009468e+02
40 66 -3.772884512536019e+02
40 67 -3.063876713483004e+02
40 68 -2.465242187361742e+02
40 69 -2.018388903096643e+02
40 70 -1.713862870770351e+02
40 71 -1.527942602237227e+02
40 72 -1.440380867405085e+02
40 73 -1.503996481130596e+02
40 74 -1.418327997676566e+02
40 75 -1.274874282203571e+02
40 76 -1.111842160419089e+02
40 77 -9.598399433823259e+01
40 78 -8.354128223818003e+01
40 79 -7.438912780129233e+01
40 80 -6.847999797516034e+01
40 81 -6.560118671262130e+01
41 64 -6.539231526297682e+02
41 65 -5.889766168181849e+02
41 66 -4.892660634384653e+02
41 67 -3.887598036107316e+02
41 68 -3.063876713483004e+02
41 69 -2.465242187361742e+02
41 70 -2.065949579279446e+02
41 71 -1.825891498743604e+02
41 72 -1.713862870770351e+02
41 73 -1.795187328193210e+02
41 74 -1.685755047550937e+02
41 75 -1.503996481130596e+02
41 76 -1.299802986234525e+02
41 77 -1.111842160419089e+02
41 78 -9.598399433823259e+01
41 79 -8.491781515654051e+01
41 80 -7.782733888750003e+01
41 81 -7.438912780129233e+01
42 64 -9.079647811492955e+02
42 65 -8.061508812145921e+02
42 66 -6.539231526297682e+02
42 67 -5.058101280472401e+02
42 68 -3.887598036107316e+02
42 69 -3.063876713483004e+02
42 70 -2.528256435647878e+02
42 71 -2.211983722679021e+02
42 72 -2.065949579279446e+02
42 73 -2.171858432898975e+02
42 74 -2.029470802103653e+02
42 75 -1.795187328193210e+02
42 76 -1.535444680435803e+02
42 77 -1.299802986234525e+02
42 78 -1.111842160419089e+02
42 79 -9.765696586054979e+01
42 80 -8.906329869598245e+01
42 81 -8.491781515654051e+01
43 64 -1.261918950152693e+03
43 65 -1.102307440501610e+03
43 66 -8.706635735998834e+02
43 67 -6.539231526297682e+02
43 68 -4.892660634384653e+02
43 69 -3.772884512536019e+02
43 70 -3.063876713483004e+02
43 71 -2.652933583509493e+02
43 72 -2.465242187361742e+02
43 73 -2.601229704650892e+02
43 74 -2.418567470480144e+02
43 75 -2.120866375851850e+02
43 76 -1.795187328193210e+02
43 77 -1.503996481130596e+02
43 78 -1.274874282203571e+02
43 79 -1.111842160419089e+02
43 80 -1.009133914944476e+02
43 81 -9.598399433823259e+01
44 64 -1.662709139125969e+03
44 65 -1.430341356328780e+03
44 66 -1.102307440501610e+03
44 67 -8.061508812145921e+02
44 68 -5.889766168181849e+02
44 69 -4.456579274009468e+02
44 70 -3.569772876657807e+02
44 71 -3.063876713483004e+02
44 72 -2.834940405416220e+02
44 73 -3.000674339860819e+02
44 74 -2.778224125665660e+02
44 75 -2.418567470480144e+02
44 76 -2.029470802103653e+02
44 77 -1.685755047550937e+02
44 78 -1.418327997676566e+02
44 79 -1.229802979272742e+02
44 80 -1.111842160419089e+02
44 81 -1.055461095533196e+02
45 64 -1.951565449675446e+03
45 65 -1.662709139125969e+03
45 66 -1.261918950152693e+03
45 67 -9.079647811492955e+02
45 68 -6.539231526297682e+02
45 69 -4.892660634384653e+02
45 70 -3.887598036107316e+02
45 71 -3.319556216131105e+02
45 72 -3.063876713483004e+02
45 73 -3.248882080975380e+02
45 74 -3.000674339860819e+02
45 75 -2.601229704650892e+02
45 76 -2.171858432898975e+02
45 77 -1.795187328193210e+02
45 78 -1.503996481130596e+02
45 79 -1.299802986234525e+02
45 80 -1.172531533915743e+02
45 81 -1.111842160419089e+02
46 73 -3.063876713483004e+02
46 74 -2.834940405416220e+02
46 75 -2.465242187361742e+02
46 76 -2.065949579279446e+02
46 77 -1.713862870770351e+02
46 78 -1.440380867405085e+02
46 79 -1.247853356035525e+02
46 80 -1.127509709215689e+02
46 81 -1.070024797565431e+02
47 73 -3.319556216131105e+02
47 74 -3.063876713483004e+02
47 75 -2.652933583509493e+02
47 76 -2.211983722679021e+02
47 77 -1.825891498743604e+02
47 78 -1.527942602237227e+02
47 79 -1.319312420702795e+02
47 80 -1.189412869405831e+02
47 81 -1.127509709215689e+02
48 73 -3.887598036107316e+02
48 74 -3.569772876657807e+02
48 75 -3.063876713483004e+02
48 76 -2.528256435647878e+02
48 77 -2.065949579279446e+02
48 78 -1.713862870770351e+02
48 79 -1.469975300984291e+02
48 80 -1.319312420702795e+02
48 81 -1.247853356035525e+02
49 73 -4.892660634384653e+02
49 74 -4.456579274009468e+02
49 75 -3.772884512536019e+02
49 76 -3.063876713483004e+02
49 77 -2.465242187361742e+02
49 78 -2.018388903096643e+02
49 79 -1.713862870770351e+02
49 80 -1.527942602237227e+02
49 81 -1.440380867405085e+02
50 73 -6.539231526297682e+02
50 74 -5.889766168181849e+02
50 75 -4.892660634384653e+02
50 76 -3.887598036107316e+02
50 77 -3.063876713483004e+02
50 78 -2.465242187361742e+02
50 79 -2.065949579279446e+02
50 80 -1.825891498743604e+02
50 81 -1.713862870770351e+02
51 73 -9.079647811492955e+02
51 74 -8.061508812145921e+02
51 75 -6.539231526297682e+02
51 76 -5.058101280472401e+02
51 77 -3.887598036107316e+02
51 78 -3.063876713483004e+02
51 79 -2.528256435647878e+02
51 80 -2.211983722679021e+02
51 81 -2.065949579279446e+02
52 73 -1.261918950152693e+03
52 74 -1.102307440501610e+03
52 75 -8.706635735998834e+02
52 76 -6.539231526297682e+02
52 77 -4.892660634384653e+02
52 78 -3.772884512536019e+02
52 79 -3.063876713483004e+02
52 80 -2.652933583509493e+02
52 81 -2.465242187361742e+02
53 73 -1.662709139125969e+03
53 74 -1.430341356328780e+03
53 75 -1.102307440501610e+03
53 76 -8.061508812145921e+02
53 77 -5.889766168181849e+02
53 78 -4.456579274009468e+02
53 79 -3.569772876657807e+02
53 80 -3.063876713483004e+02
53 81 -2.834940405416220e+02
54 73 -1.951565449675446e+03
54 74 -1.662709139125969e+03
54 75 -1.261918950152693e+03
54 76 -9.079647811492955e+02
54 77 -6.539231526297682e+02
54 78 -4.892660634384653e+02
54 79 -3.887598036107316e+02
54 80 -3.319556216131105e+02
54 81 -3.063876713483004e+02
55 118 -5.416220002058462e+01
55 119 -5.022802665401585e+01
55 120 -4.384775605445112e+01
55 121 -3.691576787298072e+01
55 122 -3.076399426974579e+01
55 123 -2.595709559721799e+01
55 124 -2.255642579678767e+01
55 125 -2.042309821102835e+01
55 126 -1.940184682836720e+01
56 118 -5.854167739062588e+01
56 119 -5.416220002058462e+01
56 120 -4.709127355580947e+01
56 121 -3.945623744516968e+01
56 122 -3.272567055994931e+01
56 123 -2.749904299969194e+01
56 124 -2.382033312167080e+01
56 125 -2.152122134484240e+01
56 126 -2.042309821102835e+01
57 118 -6.822130473847562e+01
57 119 -6.281372151469550e+01
57 120 -5.416220002058462e+01
57 121 -4.493773407536258e+01
57 122 -3.691576787298079e+01
57 123 -3.076399426974584e+01
57 124 -2.647856519201587e+01
57 125 -2.382033312167080e+01
57 126 -2.255642579678767e+01
58 118 -8.519517483067813e+01
58 119 -7.785301043566096e+01
58 120 -6.627188696201256e+01
58 121 -5.416220002058462e+01
58 122 -4.384775605445120e+01
58 123 -3.608702553199043e+01
58 124 -3.076399426974584e+01
58 125 -2.749904299969194e+01
58 126 -2.595709559721799e+01
59 118 -1.126412627324487e+02
59 119 -1.018648001725688e+02
59 120 -8.519517483067789e+01
59 121 -6.822130473847545e+01
59 122 -5.416220002058462e+01
59 123 -4.384775605445120e+01
59 124 -3.691576787298079e+01
59 125 -3.272567055994931e+01
59 126 -3.076399426974579e+01
60 118 -1.542594296889544e+02
60 119 -1.376754155022314e+02
60 120 -1.126412627324484e+02
60 121 -8.797210672023490e+01
60 122 -6.822130473847545e+01
60 123 -5.416220002058462e+01
60 124 -4.493773407536258e+01
60 125 -3.945623744516968e+01
60 126 -3.691576787298072e+01
61 118 -2.110594394308412e+02
61 119 -1.855995935319292e+02
61 120 -1.481975549592906e+02
61 121 -1.126412627324484e+02
61 122 -8.519517483067789e+01
61 123 -6.627188696201256e+01
61 124 -5.416220002058462e+01
61 125 -4.709127355580947e+01
61 126 -4.384775605445112e+01
62 118 -2.740253463570521e+02
62 119 -2.376781350194701e+02
62 120 -1.855995935319292e+02
62 121 -1.376754155022314e+02
62 122 -1.018648001725688e+02
62 123 -7.785301043566096e+01
62 124 -6.281372151469550e+01
62 125 -5.416220002058462e+01
62 126 -5.022802665401585e+01
63 118 -3.186570404137975e+02
63 119 -2.740253463570521e+02
63 120 -2.110594394308412e+02
63 121 -1.542594296889544e+02
63 122 -1.126412627324487e+02
63 123 -8.519517483067813e+01
63 124 -6.822130473847562e+01
63 125 -5.854167739062588e+01
63 126 -5.416220002058462e+01
64 37 -3.063876713483004e+02
64 38 -3.319556216131105e+02
64 39 -3.887598036107316e+02
64 40 -4.892660634384653e+02
64 41 -6.539231526297682e+02
64 42 -9.079647811492955e+02
64 43 -1.261918950152693e+03
64 44 -1.662709139125969e+03
64 45 -1.951565449675446e+03
64 100 -3.063876713483004e+02
64 101 -2.834940405416220e+02
64 102 -2.465242187361742e+02
64 103 -2.065949579279446e+02
64 104 -1.713862870770351e+02
64 105 -1.440380867405085e+02
64 106 -1.247853356035525e+02
64 107 -1.127509709215689e+02
64 108 -1.070024797565431e+02
64 109 -1.111842160419089e+02
64 110 -1.055461095533196e+02
64 111 -9.598399433823259e+01
64 112 -8.491781515654051e+01
64 113 -7.438912780129233e+01
64 114 -6.560118671262130e+01
64 115 -5.902935453865796e+01
64 116 -5.473321623088147e+01
64 117 -5.262419323068897e+01
65 37 -2.834940405416220e+02
65 38 -3.063876713483004e+02
65 39 -3.569772876657807e+02
65 40 -4.456579274009468e+02
65 41 -5.889766168181849e+02
65 42 -8.061508812145921e+02
65 43 -1.102307440501610e+03
65 44 -1.430341356328780e+03
65 45 -1.662709139125969e+03
65 100 -3.319556216131105e+02
65 101 -3.063876713483004e+02
65 102 -2.652933583509493e+02
65 103 -2.211983722679021e+02
65 104 -1.825891498743604e+02
65 105 -1.527942602237227e+02
65 106 -1.319312420702795e+02
65 107 -1.189412869405831e+02
65 108 -1.127509709215689e+02
65 109 -1.172531533915743e+02
65 110 -1.111842160419089e+02
65 111 -1.009133914944476e+02
65 112 -8.906329869598245e+01
65 113 -7.782733888750003e+01
65 114 -6.847999797516034e+01
65 115 -6.150954765285573e+01
65 116 -5.696249594188554e+01
65 117 -5.473321623088147e+01
66 37 -2.465242187361742e+02
66 38 -2.652933583509493e+02
66 39 -3.063876713483004e+02
66 40 -3.772884512536019e+02
66 41 -4.892660634384653e+02
66 42 -6.539231526297682e+02
66 43 -8.706635735998834e+02
66 44 -1.102307440501610e+03
66 45 -1.261918950152693e+03
66 100 -3.887598036107316e+02
66 101 -3.569772876657807e+02
66 102 -3.063876713483004e+02
66 103 -2.528256435647878e+02
66 104 -2.065949579279446e+02
66 105 -1.713862870770351e+02
66 106 -1.469975300984291e+02
66 107 -1.319312420702795e+02
66 108 -1.247853356035525e+02
66 109 -1.299802986234525e+02
66 110 -1.229802979272742e+02
66 111 -1.111842160419089e+02
66 112 -9.765696586054979e+01
66 113 -8.491781515654051e+01
66 114 -7.438912780129233e+01
66 115 -6.658144690999892e+01
66 116 -6.150954765285573e+01
66 117 -5.902935453865796e+01
67 37 -2.065949579279446e+02
67 38 -2.211983722679021e+02
67 39 -2.528256435647878e+02
67 40 -3.063876713483004e+02
67 41 -3.887598036107316e+02
67 42 -5.058101280472401e+02
67 43 -6.539231526297682e+02
67 44 -8.061508812145921e+02
67 45 -9.079647811492955e+02
67 100 -4.892660634384653e+02
67 101 -4.456579274009468e+02
67 102 -3.772884512536019e+02
67 103 -3.063876713483004e+02
67 104 -2.465242187361742e+02
67 105 -2.018388903096643e+02
67 106 -1.713862870770351e+02
67 107 -1.527942602237227e+02
67 108 -1.440380867405085e+02
67 109 -1.503996481130596e+02
67 110 -1.418327997676566e+02
67 111 -1.274874282203571e+02
67 112 -1.111842160419089e+02
67 113 -9.598399433823259e+01
67 114 -8.354128223818003e+01
67 115 -7.438912780129233e+01
67 116 -6.847999797516034e+01
67 117 -6.560118671262130e+01
68 37 -1.713862870770351e+02
68 38 -1.825891498743604e+02
68 39 -2.065949579279446e+02
68 40 -2.465242187361742e+02
68 41 -3.063876713483004e+02
68 42 -3.887598036107316e+02
68 43 -4.892660634384653e+02
68 44 -5.889766168181849e+02
68 45 -6.539231526297682e+02
68 100 -6.539231526297682e+02
68 101 -5.889766168181849e+02
68 102 -4.892660634384653e+02
68 103 -3.887598036107316e+02
68 104 -3.063876713483004e+02
68 105 -2.465242187361742e+02
68 106 -2.065949579279446e+02
68 107 -1.825891498743604e+02
68 108 -1.713862870770351e+02
68 109 -1.795187328193210e+02
68 110 -1.685755047550937e+02
68 111 -1.503996481130596e+02
68 112 -1.299802986234525e+02
68 113 -1.111842160419089e+02
68 114 -9.598399433823259e+01
68 115 -8.491781515654051e+01
68 116 -7.782733888750003e+01
68 117 -7.438912780129233e+01
69 37 -1.440380867405085e+02
69 38 -1.527942602237227e+02
69 39 -1.713862870770351e+02
69 40 -2.018388903096643e+02
69 41 -2.465242187361742e+02
69 42 -3.063876713483004e+02
69 43 -3.772884512536019e+02
69 44 -4.456579274009468e+02
69 45 -4.892660634384653e+02
69 100 -9.079647811492955e+02
69 101 -8.061508812145921e+02
69 102 -6.539231526297682e+02
69 103 -5.058101280472401e+02
69 104 -3.887598036107316e+02
69 105 -3.063876713483004e+02
69 106 -2.528256435647878e+02
69 107 -2.211983722679021e+02
69 108 -2.065949579279446e+02
69 109 -2.171858432898975e+02
69 110 -2.029470802103653e+02
69 111 -1.795187328193210e+02
69 112 -1.535444680435803e+02
69 113 -1.299802986234525e+02
69 114 -1.111842160419089e+02
69 115 -9.765696586054979e+01
69 116 -8.906329869598245e+01
69 117 -8.491781515654051e+01
70 37 -1.247853356035525e+02
70 38 -1.319312420702795e+02
70 39 -1.469975300984291e+02
70 40 -1.713862870770351e+02
70 41 -2.065949579279446e+02
70 42 -2.528256435647878e+02
70 43 -3.063876713483004e+02
70 44 -3.569772876657807e+02
70 45 -3.887598036107316e+02
70 100 -1.261918950152693e+03
70 101 -1.102307440501610e+03
70 102 -8.706635735998834e+02
70 103 -6.539231526297682e+02
70 104 -4.892660634384653e+02
70 105 -3.772884512536019e+02
70 106 -3.063876713483004e+02
70 107 -2.652933583509493e+02
70 108 -2.465242187361742e+02
70 109 -2.601229704650892e+02
70 110 -2.418567470480144e+02
70 111 -2.120866375851850e+02
70 112 -1.795187328193210e+02
70 113 -1.503996481130596e+02
70 114 -1.274874282203571e+02
70 115 -1.111842160419089e+02
70 116 -1.009133914944476e+02
70 117 -9.598399433823259e+01
71 37 -1.127509709215689e+02
71 38 -1.189412869405831e+02
71 39 -1.319312420702795e+02
71 40 -1.527942602237227e+02
71 41 -1.825891498743604e+02
71 42 -2.211983722679021e+02
71 43 -2.652933583509493e+02
71 44 -3.063876713483004e+02
71 45 -3.319556216131105e+02
71 100 -1.662709139125969e+03
71 101 -1.430341356328780e+03
71 102 -1.102307440501610e+03
71 103 -8.061508812145921e+02
71 104 -5.889766168181849e+02
71 105 -4.456579274009468e+02
71 106 -3.569772876657807e+02
71 107 -3.063876713483004e+02
71 108 -2.834940405416220e+02
71 109 -3.000674339860819e+02
71 110 -2.778224125665660e+02
71 111 -2.418567470480144e+02
71 112 -2.029470802103653e+02
71 113 -1.685755047550937e+02
71 114 -1.418327997676566e+02
71 115 -1.229802979272742e+02
71 116 -1.111842160419089e+02
71 117 -1.055461095533196e+02
72 37 -1.070024797565431e+02
72 38 -1.127509709215689e+02
72 39 -1.247853356035525e+02
72 40 -1.440380867405085e+02
72 41 -1.713862870770351e+02
72 42 -2.065949579279446e+02
72 43 -2.465242187361742e+02
72 44 -2.834940405416220e+02
72 45 -3.063876713483004e+02
72 100 -1.951565449675446e+03
72 101 -1.662709139125969e+03
72 102 -1.261918950152693e+03
72 103 -9.079647811492955e+02
72 104 -6.539231526297682e+02
72 105 -4.892660634384653e+02
72 106 -3.887598036107316e+02
72 107 -3.319556216131105e+02
72 108 -3.063876713483004e+02
72 109 -3.248882080975380e+02
72 110 -3.000674339860819e+02
72 111 -2.601229704650892e+02
72 112 -2.171858432898975e+02
72 113 -1.795187328193210e+02
72 114 -1.503996481130596e+02
72 115 -1.299802986234525e+02
72 116 -1.172531533915743e+02
72 117 -1.111842160419089e+02
73 37 -1.111842160419089e+02
73 38 -1.172531533915743e+02
73 39 -1.299802986234525e+02
73 40 -1.503996481130596e+02
73 41 -1.795187328193210e+02
73 42 -2.171858432898975e+02
73 43 -2.601229704650892e+02
73 44 -3.000674339860819e+02
73 45 -3.248882080975380e+02
73 46 -3.063876713483004e+02
73 47 -3.319556216131105e+02
73 48 -3.887598036107316e+02
73 49 -4.892660634384653e+02
73 50 -6.539231526297682e+02
73 51 -9.079647811492955e+02
73 52 -1.261918950152693e+03
73 53 -1.662709139125969e+03
73 54 -1.951565449675446e+03
73 109 -3.063876713483004e+02
73 110 -2.834940405416220e+02
73 111 -2.465242187361742e+02
73 112 -2.065949579279446e+02
73 113 -1.713862870770351e+02
73 114 -1.440380867405085e+02
73 115 -1.247853356035525e+02
73 116 -1.127509709215689e+02
73 117 -1.070024797565431e+02
74 37 -1.055461095533196e+02
74 38 -1.111842160419089e+02
74 39 -1.229802979272742e+02
74 40 -1.418327997676566e+02
74 41 -1.685755047550937e+02
74 42 -2.029470802103653e+02
74 43 -2.418567470480144e+02
74 44 -2.778224125665660e+02
74 45 -3.000674339860819e+02
74 46 -2.834940405416220e+02
74 47 -3.063876713483004e+02
74 48 -3.569772876657807e+02
74 49 -4.456579274009468e+02
74 50 -5.889766168181849e+02
74 51 -8.061508812145921e+02
74 52 -1.102307440501610e+03
74 53 -1.430341356328780e+03
74 54 -1.662709139125969e+03
74 109 -3.319556216131105e+02
74 110 -3.063876713483004e+02
74 111 -2.652933583509493e+02
74 112 -2.211983722679021e+02
74 113 -1.825891498743604e+02
74 114 -1.527942602237227e+02
74 115 -1.319312420702795e+02
74 116 -1.189412869405831e+02
74 117 -1.127509709215689e+02
75 37 -9.598399433823259e+01
75 38 -1.009133914944476e+02
75 39 -1.111842160419089e+02
75 40 -1.274874282203571e+02
75 41 -1.503996481130596e+02
75 42 -1.795187328193210e+02
75 43 -2.120866375851850e+02
75 44 -2.418567470480144e+02
75 45 -2.601229704650892e+02
75 46 -2.465242187361742e+02
75 47 -2.652933583509493e+02
75 48 -3.063876713483004e+02
75 49 -3.772884512536019e+02
75 50 -4.892660634384653e+02
75 51 -6.539231526297682e+02
75 52 -8.706635735998834e+02
75 53 -1.102307440501610e+03
75 54 -1.261918950152693e+03
75 109 -3.887598036107316e+02
75 110 -3.569772876657807e+02
75 111 -3.063876713483004e+02
75 112 -2.528256435647878e+02
75 113 -2.065949579279446e+02
75 114 -1.713862870770351e+02
75 115 -1.469975300984291e+02
75 116 -1.319312420702795e+02
75 117 -1.247853356035525e+02
76 37 -8.491781515654051e+01
76 38 -8.906329869598245e+01
76 39 -9.765696586054979e+01
76 40 -1.111842160419089e+02
76 41 -1.299802986234525e+02
76 42 -1.535444680435803e+02
76 43 -1.795187328193210e+02
76 44 -2.029470802103653e+02
76 45 -2.171858432898975e+02
76 46 -2.065949579279446e+02
76 47 -2.211983722679021e+02
76 48 -2.528256435647878e+02
76 49 -3.063876713483004e+02
76 50 -3.887598036107316e+02
76 51 -5.058101280472401e+02
76 52 -6.539231526297682e+02
76 53 -8.061508812145921e+02
76 54 -9.079647811492955e+02
76 109 -4.892660634384653e+02
76 110 -4.456579274009468e+02
76 111 -3.772884512536019e+02
76 112 -3.063876713483004e+02
76 113 -2.465242187361742e+02
76 114 -2.018388903096643e+02
76 115 -1.713862870770351e+02
76 116 -1.527942602237227e+02
76 117 -1.440380867405085e+02
77 37 -7.438912780129233e+01
77 38 -7.782733888750003e+01
77 39 -8.491781515654051e+01
77 40 -9.598399433823259e+01
77 41 -1.111842160419089e+02
77 42 -1.299802986234525e+02
77 43 -1.503996481130596e+02
77 44 -1.685755047550937e+02
77 45 -1.795187328193210e+02
77 46 -1.713862870770351e+02
77 47 -1.825891498743604e+02
77 48 -2.065949579279446e+02
77 49 -2.465242187361742e+02
77 50 -3.063876713483004e+02
77 51 -3.887598036107316e+02
77 52 -4.892660634384653e+02
77 53 -5.889766168181849e+02
77 54 -6.539231526297682e+02
77 109 -6.539231526297682e+02
77 110 -5.889766168181849e+02
77 111 -4.892660634384653e+02
77 112 -3.887598036107316e+02
77 113 -3.063876713483004e+02
77 114 -2.465242187361742e+02
77 115 -2.065949579279446e+02
77 116 -1.825891498743604e+02
77 117 -1.713862870770351e+02
78 37 -6.560118671262130e+01
78 38 -6.847999797516034e+01
78 39 -7.438912780129233e+01
