%%MatrixMarket matrix coordinate real general
%
1116 1116 27702
1 559 -2.829524303847498e-01
1 560 -2.683521949900115e-01
1 561 -2.439016219045452e-01
1 562 -2.160649905217724e-01
1 563 -1.899975937518417e-01
1 564 -1.685138110303266e-01
1 565 -1.525857755407113e-01
1 566 -1.422260257617786e-01
1 567 -1.371529643351205e-01
1 838 -1.362195350946872e-01
1 839 -1.314726742262337e-01
1 840 -1.232202554917189e-01
1 841 -1.133147881331379e-01
1 842 -1.034806219590167e-01
1 843 -9.491283201692149e-02
1 844 -8.825604129702187e-02
1 845 -8.377275124858584e-02
1 846 -8.153000722410512e-02
2 559 -2.988267598849755e-01
2 560 -2.829524303847498e-01
2 561 -2.564583790865356e-01
2 562 -2.264375410363705e-01
2 563 -1.984683112451935e-01
2 564 -1.755266221787737e-01
2 565 -1.585845843564724e-01
2 566 -1.475970932887113e-01
2 567 -1.422260257617786e-01
2 838 -1.412384472351121e-01
2 839 -1.362195350946872e-01
2 840 -1.275075506048698e-01
2 841 -1.170734778837502e-01
2 842 -1.067401639389719e-01
2 843 -9.775908788659810e-02
2 844 -9.079554930514014e-02
2 845 -8.611295131335500e-02
2 846 -8.377275124858584e-02
3 559 -3.326720254778641e-01
3 560 -3.139622101320959e-01
3 561 -2.829524303847498e-01
3 562 -2.481520082389481e-01
3 563 -2.160649905217724e-01
3 564 -1.899975937518416e-01
3 565 -1.708991461819983e-01
3 566 -1.585845843564724e-01
3 567 -1.525857755407113e-01
3 838 -1.514842946414064e-01
3 839 -1.458938960549213e-01
3 840 -1.362195350946872e-01
3 841 -1.246834606586545e-01
3 842 -1.133147881331379e-01
3 843 -1.034806219590167e-01
3 844 -9.588654650032385e-02
3 845 -9.079554930514011e-02
3 846 -8.825604129702186e-02
4 559 -3.886321692289327e-01
4 560 -3.648977396821044e-01
4 561 -3.259820665249281e-01
4 562 -2.829524303847498e-01
4 563 -2.439016219045452e-01
4 564 -2.126348081918782e-01
4 565 -1.899975937518417e-01
4 566 -1.755266221787737e-01
4 567 -1.685138110303266e-01
4 838 -1.672287718518082e-01
4 839 -1.607194427728924e-01
4 840 -1.495055595996393e-01
4 841 -1.362195350946872e-01
4 842 -1.232202554917189e-01
4 843 -1.120531915483594e-01
4 844 -1.034806219590167e-01
4 845 -9.775908788659810e-02
4 846 -9.491283201692149e-02
5 559 -4.722313448051081e-01
5 560 -4.402697094149738e-01
5 561 -3.886321692289327e-01
5 562 -3.326720254778641e-01
5 563 -2.829524303847498e-01
5 564 -2.439016219045452e-01
5 565 -2.160649905217724e-01
5 566 -1.984683112451935e-01
5 567 -1.899975937518417e-01
5 838 -1.884494806906513e-01
5 839 -1.806271204037889e-01
5 840 -1.672287718518082e-01
5 841 -1.514842946414064e-01
5 842 -1.362195350946872e-01
5 843 -1.232202554917189e-01
5 844 -1.133147881331379e-01
5 845 -1.067401639389719e-01
5 846 -1.034806219590167e-01
6 559 -5.875627235897296e-01
6 560 -5.429686210673071e-01
6 561 -4.722313448051081e-01
6 562 -3.974404650671475e-01
6 563 -3.326720254778641e-01
6 564 -2.829524303847498e-01
6 565 -2.481520082389481e-01
6 566 -2.264375410363705e-01
6 567 -2.160649905217724e-01
6 838 -2.141750194403016e-01
6 839 -2.046525945104799e-01
6 840 -1.884494806906513e-01
6 841 -1.695857617179528e-01
6 842 -1.514842946414064e-01
6 843 -1.362195350946872e-01
6 844 -1.246834606586545e-01
6 845 -1.170734778837502e-01
6 846 -1.133147881331379e-01
7 559 -7.298549805829122e-01
7 560 -6.678433472703043e-01
7 561 -5.714496432926773e-01
7 562 -4.722313448051081e-01
7 563 -3.886321692289327e-01
7 564 -3.259820665249280e-01
7 565 -2.829524303847498e-01
7 566 -2.564583790865356e-01
7 567 -2.439016219045452e-01
7 838 -2.416206575958200e-01
7 839 -2.301613548904856e-01
7 840 -2.107911934680943e-01
7 841 -1.884494806906513e-01
7 842 -1.672287718518082e-01
7 843 -1.495055595996393e-01
7 844 -1.362195350946872e-01
7 845 -1.275075506048698e-01
7 846 -1.232202554917189e-01
8 559 -8.735696578294310e-01
8 560 -7.921260347842290e-01
8 561 -6.678433472703045e-01
8 562 -5.429686210673071e-01
8 563 -4.402697094149738e-01
8 564 -3.648977396821044e-01
8 565 -3.139622101320959e-01
8 566 -2.829524303847498e-01
8 567 -2.683521949900115e-01
8 838 -2.657068226515454e-01
8 839 -2.524487643727572e-01
8 840 -2.301613548904857e-01
8 841 -2.046525945104799e-01
8 842 -1.806271204037889e-01
8 843 -1.607194427728924e-01
8 844 -1.458938960549213e-01
8 845 -1.362195350946872e-01
8 846 -1.314726742262337e-01
9 559 -9.688248582155180e-01
9 560 -8.735696578294310e-01
9 561 -7.298549805829124e-01
9 562 -5.875627235897296e-01
9 563 -4.722313448051081e-01
9 564 -3.886321692289327e-01
9 565 -3.326720254778641e-01
9 566 -2.988267598849755e-01
9 567 -2.829524303847498e-01
9 838 -2.800804738529347e-01
9 839 -2.657068226515454e-01
9 840 -2.416206575958201e-01
9 841 -2.141750194403016e-01
9 842 -1.884494806906513e-01
9 843 -1.672287718518082e-01
9 844 -1.514842946414064e-01
9 845 -1.412384472351121e-01
9 846 -1.362195350946872e-01
10 289 -9.818888026383970e-01
10 290 -9.315061049649698e-01
10 291 -8.470775339821854e-01
10 292 -7.508707902903382e-01
10 293 -6.606912640005524e-01
10 294 -5.863013796247264e-01
10 295 -5.311074940372248e-01
10 296 -4.951890913700872e-01
10 297 -4.775943614386895e-01
10 424 -4.754592004540948e-01
10 425 -4.588069859081851e-01
10 426 -4.298685042638556e-01
10 427 -3.951529515058667e-01
10 428 -3.607092045314252e-01
10 429 -3.307193732215380e-01
10 430 -3.074309356184216e-01
10 431 -2.917526414832143e-01
10 432 -2.839115857256591e-01
11 289 -1.037087842130241e+00
11 290 -9.822989790942329e-01
11 291 -8.907973116500937e-01
11 292 -7.870211361711518e-01
11 293 -6.902420187387942e-01
11 294 -6.107867756385298e-01
11 295 -5.520662304938360e-01
11 296 -5.139629308134329e-01
11 297 -4.953304990696035e-01
11 424 -4.930708900912668e-01
11 425 -4.754592004540948e-01
11 426 -4.449007954080096e-01
11 427 -4.083234151235661e-01
11 428 -3.721231393821837e-01
11 429 -3.406801694611944e-01
11 430 -3.163139764456920e-01
11 431 -2.999358024041308e-01
11 432 -2.917526414832143e-01
12 289 -1.154806868517152e+00
12 290 -1.090208565544393e+00
12 291 -9.830705802166861e-01
12 292 -8.627238124293840e-01
12 293 -7.516492959323675e-01
12 294 -6.613292347019109e-01
12 295 -5.951053919022614e-01
12 296 -5.523810332281257e-01
12 297 -5.315617197546346e-01
12 424 -5.290401974209931e-01
12 425 -5.094117854072145e-01
12 426 -4.754592004540948e-01
12 427 -4.349984078934702e-01
12 428 -3.951529515058667e-01
12 429 -3.607092045314252e-01
12 430 -3.341267768291595e-01
12 431 -3.163139764456920e-01
12 432 -3.074309356184216e-01
13 289 -1.349531744115457e+00
13 290 -1.267539821800969e+00
13 291 -1.133008606340398e+00
13 292 -9.841116473656979e-01
13 293 -8.488438845925459e-01
13 294 -7.404374081912114e-01
13 295 -6.618910489504365e-01
13 296 -6.116520992661686e-01
13 297 -5.872976230592807e-01
13 424 -5.843536480267042e-01
13 425 -5.614792460860925e-01
13 426 -5.220919573112480e-01
13 427 -4.754592004540948e-01
13 428 -4.298685042638556e-01
13 429 -3.907330247534656e-01
13 430 -3.607092045314252e-01
13 431 -3.406801694611944e-01
13 432 -3.307193732215380e-01
14 289 -1.640620781789485e+00
14 290 -1.530123228412819e+00
14 291 -1.351470257836664e+00
14 292 -1.157668182525687e+00
14 293 -9.852975906298052e-01
14 294 -8.497860765868135e-01
14 295 -7.531158093527264e-01
14 296 -6.919732690203657e-01
14 297 -6.625308231958009e-01
14 424 -6.589806727247068e-01
14 425 -6.314620086205253e-01
14 426 -5.843536480267042e-01
14 427 -5.290401974209931e-01
14 428 -4.754592004540948e-01
14 429 -4.298685042638556e-01
14 430 -3.951529515058667e-01
14 431 -3.721231393821837e-01
14 432 -3.607092045314252e-01
15 289 -2.042540683794054e+00
15 290 -1.888222784266624e+00
15 291 -1.643247869930668e+00
15 292 -1.383968082963515e+00
15 293 -1.159195153593865e+00
15 294 -9.864857585343230e-01
15 295 -8.655106472423449e-01
15 296 -7.899858299611754e-01
15 297 -7.538979398271558e-01
15 424 -7.495589491619432e-01
15 425 -7.160174377769521e-01
15 426 -6.589806727247068e-01
15 427 -5.926383346557783e-01
15 428 -5.290401974209931e-01
15 429 -4.754592004540948e-01
15 430 -4.349984078934702e-01
15 431 -4.083234151235661e-01
15 432 -3.951529515058667e-01
16 289 -2.538912993494252e+00
16 290 -2.324092941433006e+00
16 291 -1.989903235455238e+00
16 292 -1.645563503987336e+00
16 293 -1.355125211666619e+00
16 294 -1.137268583913543e+00
16 295 -9.875324586841434e-01
16 296 -8.952913742615575e-01
16 297 -8.515612257771843e-01
16 424 -8.463186278239349e-01
16 425 -8.059035548271464e-01
16 426 -7.376380635533794e-01
16 427 -6.589806727247068e-01
16 428 -5.843536480267042e-01
16 429 -5.220919573112480e-01
16 430 -4.754592004540948e-01
16 431 -4.449007954080096e-01
16 432 -4.298685042638556e-01
17 289 -3.040756129174816e+00
17 290 -2.758343063131744e+00
17 291 -2.327039727936993e+00
17 292 -1.893235495339670e+00
17 293 -1.536102187674610e+00
17 294 -1.273767510855772e+00
17 295 -1.096364746300340e+00
17 296 -9.883104654423741e-01
17 297 -9.374216944149503e-01
17 424 -9.313357374499835e-01
17 425 -8.845272241732973e-01
17 426 -8.059035548271464e-01
17 427 -7.160174377769521e-01
17 428 -6.314620086205254e-01
17 429 -5.614792460860925e-01
17 430 -5.094117854072145e-01
17 431 -4.754592004540948e-01
17 432 -4.588069859081853e-01
18 289 -3.373644104219228e+00
18 290 -3.043137057153402e+00
18 291 -2.544096433494357e+00
18 292 -2.049492983143069e+00
18 293 -1.648202919628058e+00
18 294 -1.357076243124623e+00
18 295 -1.162073410759635e+00
18 296 -1.044080866951311e+00
18 297 -9.887248228935765e-01
18 424 -9.821139445054419e-01
18 425 -9.313357374499831e-01
18 426 -8.463186278239349e-01
18 427 -7.495589491619432e-01
18 428 -6.589806727247068e-01
18 429 -5.843536480267042e-01
18 430 -5.290401974209931e-01
18 431 -4.930708900912668e-01
18 432 -4.754592004540948e-01
19 154 -3.418952786237831e+00
19 155 -3.240895238207053e+00
19 156 -2.943026969797005e+00
19 157 -2.604413626057138e+00
19 158 -2.287834130877666e+00
19 159 -2.027313675576095e+00
19 160 -1.834405077894023e+00
19 161 -1.709050186673703e+00
19 162 -1.647699192593575e+00
19 217 -1.647892348325621e+00
19 218 -1.589889703894441e+00
19 219 -1.489131102013509e+00
19 220 -1.368325384872006e+00
19 221 -1.248540968878919e+00
19 222 -1.144309433391471e+00
19 223 -1.063411353838136e+00
19 224 -1.008970473653191e+00
19 225 -9.817500447920706e-01
20 154 -3.612705828608879e+00
20 155 -3.418952786237831e+00
20 156 -3.095948570216652e+00
20 157 -2.730524029223870e+00
20 158 -2.390652033109577e+00
20 159 -2.112313448223348e+00
20 160 -1.907033499576507e+00
20 161 -1.774029586268964e+00
20 162 -1.709050186673703e+00
20 217 -1.709254645466955e+00
20 218 -1.647892348325621e+00
20 219 -1.541464553555709e+00
20 220 -1.414148093850238e+00
20 221 -1.288226504135149e+00
20 222 -1.178922093683762e+00
20 223 -1.094264314009501e+00
20 224 -1.037383267417687e+00
20 225 -1.008970473653190e+00
21 154 -4.026332355853238e+00
21 155 -3.797589749427612e+00
21 156 -3.418952786237831e+00
21 157 -2.994777894276697e+00
21 158 -2.604413626057138e+00
21 159 -2.287834130877666e+00
21 160 -2.056221025854689e+00
21 161 -1.907033499576507e+00
21 162 -1.834405077894023e+00
21 217 -1.834633335814950e+00
21 218 -1.766205231889249e+00
21 219 -1.647892348325621e+00
21 220 -1.506988819476005e+00
21 221 -1.368325384872006e+00
21 222 -1.248540968878919e+00
21 223 -1.156149022778054e+00
21 224 -1.094264314009501e+00
21 225 -1.063411353838135e+00
22 154 -4.711740607929682e+00
22 155 -4.420813546376881e+00
22 156 -3.944517515259414e+00
22 157 -3.418952786237831e+00
22 158 -2.943026969797005e+00
22 159 -2.562726352332009e+00
22 160 -2.287834130877666e+00
22 161 -2.112313448223348e+00
22 162 -2.027313675576095e+00
22 217 -2.027580348766322e+00
22 218 -1.947768542227535e+00
22 219 -1.810408069938849e+00
22 220 -1.647892348325621e+00
22 221 -1.489131102013509e+00
22 222 -1.352950019076605e+00
22 223 -1.248540968878919e+00
22 224 -1.178922093683762e+00
22 225 -1.144309433391471e+00
23 154 -5.738967178330913e+00
23 155 -5.345789376170766e+00
23 156 -4.711740607929682e+00
23 157 -4.026332355853238e+00
23 158 -3.418952786237831e+00
23 159 -2.943026969797005e+00
23 160 -2.604413626057138e+00
23 161 -2.390652033109577e+00
23 162 -2.287834130877666e+00
23 217 -2.288155981746598e+00
23 218 -2.192035235251570e+00
23 219 -2.027580348766322e+00
23 220 -1.834633335814950e+00
23 221 -1.647892348325621e+00
23 222 -1.489131102013509e+00
23 223 -1.368325384872006e+00
23 224 -1.288226504135149e+00
23 225 -1.248540968878919e+00
24 154 -7.162076263600679e+00
24 155 -6.611029958202504e+00
24 156 -5.738967178330913e+00
24 157 -4.819791129188355e+00
24 158 -4.026332355853238e+00
24 159 -3.418952786237831e+00
24 160 -2.994777894276697e+00
24 161 -2.730524029223870e+00
24 162 -2.604413626057138e+00
24 217 -2.604807369503081e+00
24 218 -2.487502980293805e+00
24 219 -2.288155981746598e+00
24 220 -2.056493637609541e+00
24 221 -1.834633335814950e+00
24 222 -1.647892348325621e+00
24 223 -1.506988819476005e+00
24 224 -1.414148093850238e+00
24 225 -1.368325384872006e+00
25 154 -8.926606002873076e+00
25 155 -8.156480160497170e+00
25 156 -6.962856535126865e+00
25 157 -5.738967178330913e+00
25 158 -4.711740607929682e+00
25 159 -3.944517515259414e+00
25 160 -3.418952786237831e+00
25 161 -3.095948570216652e+00
25 162 -2.943026969797005e+00
25 217 -2.943503173181239e+00
25 218 -2.801981851354526e+00
25 219 -2.563110335314776e+00
25 220 -2.288155981746598e+00
25 221 -2.027580348766322e+00
25 222 -1.810408069938849e+00
25 223 -1.647892348325621e+00
25 224 -1.541464553555709e+00
25 225 -1.489131102013509e+00
26 154 -1.071779022526052e+01
26 155 -9.701648802914063e+00
26 156 -8.156480160497170e+00
26 157 -6.611029958202504e+00
26 158 -5.345789376170766e+00
26 159 -4.420813546376881e+00
26 160 -3.797589749427612e+00
26 161 -3.418952786237831e+00
26 162 -3.240895238207053e+00
26 217 -3.241448496284971e+00
26 218 -3.077366556038124e+00
26 219 -2.801981851354526e+00
26 220 -2.487502980293805e+00
26 221 -2.192035235251570e+00
26 222 -1.947768542227535e+00
26 223 -1.766205231889249e+00
26 224 -1.647892348325621e+00
26 225 -1.589889703894441e+00
27 154 -1.190967308457406e+01
27 155 -1.071779022526052e+01
27 156 -8.926606002873076e+00
27 157 -7.162076263600679e+00
27 158 -5.738967178330913e+00
27 159 -4.711740607929682e+00
27 160 -4.026332355853238e+00
27 161 -3.612705828608879e+00
27 162 -3.418952786237831e+00
27 217 -3.419554045970541e+00
27 218 -3.241448496284971e+00
27 219 -2.943503173181239e+00
27 220 -2.604807369503081e+00
27 221 -2.288155981746598e+00
27 222 -2.027580348766322e+00
27 223 -1.834633335814950e+00
27 224 -1.709254645466955e+00
27 225 -1.647892348325621e+00
28 91 -1.190548509576879e+01
28 92 -1.127630893395508e+01
28 93 -1.022557811073331e+01
28 94 -9.033963566009199e+00
28 95 -7.922760391770029e+00
28 96 -7.010518691977476e+00
28 97 -6.336367629796410e+00
28 98 -5.898931222633535e+00
28 99 -5.685030167964980e+00
28 118 -5.738294448344969e+00
28 119 -5.533296970712973e+00
28 120 -5.177606466678360e+00
28 121 -4.751865224304790e+00
28 122 -4.330522505072736e+00
28 123 -3.964558830497415e+00
28 124 -3.680966671510075e+00
28 125 -3.490347718829357e+00
28 126 -3.395108017848814e+00
29 91 -1.259101318635040e+01
29 92 -1.190548509576879e+01
29 93 -1.076472341921441e+01
29 94 -9.477396348313935e+00
29 95 -8.283340632594085e+00
29 96 -7.307930689734154e+00
29 97 -6.590042268388133e+00
29 98 -6.125618423755517e+00
29 99 -5.898931222633535e+00
29 118 -5.955353884051565e+00
29 119 -5.738294448344969e+00
29 120 -5.362283206246159e+00
29 121 -4.913259041224920e+00
29 122 -4.470026725474757e+00
29 123 -4.086015319975486e+00
29 124 -3.789076345666309e+00
29 125 -3.589809070190001e+00
29 126 -3.490347718829357e+00
30 91 -1.405750275290067e+01
30 92 -1.324600820948734e+01
30 93 -1.190548509576879e+01
30 94 -1.040796455174985e+01
30 95 -9.033963566009211e+00
30 96 -7.922760391770040e+00
30 97 -7.111640010924386e+00
30 98 -6.590042268388133e+00
30 99 -6.336367629796410e+00
30 118 -6.399450418061683e+00
30 119 -6.156978069282756e+00
30 120 -5.738294448344969e+00
30 121 -5.240607242016631e+00
30 122 -4.751865224304794e+00
30 123 -4.330522505072739e+00
30 124 -4.006096168195467e+00
30 125 -3.789076345666309e+00
30 126 -3.680966671510075e+00
31 91 -1.649622459853761e+01
31 92 -1.545980663728137e+01
31 93 -1.376711322823627e+01
31 94 -1.190548509576879e+01
31 95 -1.022557811073333e+01
31 96 -8.887478121100147e+00
31 97 -7.922760391770040e+00
31 98 -7.307930689734154e+00
31 99 -7.010518691977476e+00
31 118 -7.084378646976589e+00
31 119 -6.800843672329322e+00
31 120 -6.313582631724304e+00
31 121 -5.738294448344969e+00
31 122 -5.177606466678364e+00
31 123 -4.697737103262081e+00
31 124 -4.330522505072739e+00
31 125 -4.086015319975486e+00
31 126 -3.964558830497415e+00
32 91 -2.017009619810180e+01
32 92 -1.876130920478090e+01
32 93 -1.649622459853757e+01
32 94 -1.405750275290064e+01
32 95 -1.190548509576879e+01
32 96 -1.022557811073333e+01
32 97 -9.033963566009211e+00
32 98 -8.283340632594085e+00
32 99 -7.922760391770029e+00
32 118 -8.012152666521137e+00
32 119 -7.669554060706955e+00
32 120 -7.084378646976580e+00
32 121 -6.399450418061675e+00
32 122 -5.738294448344969e+00
32 123 -5.177606466678364e+00
32 124 -4.751865224304794e+00
32 125 -4.470026725474757e+00
32 126 -4.330522505072736e+00
33 91 -2.529455255836150e+01
33 92 -2.330571155496069e+01
33 93 -2.017009619810176e+01
33 94 -1.688162141408197e+01
33 95 -1.405750275290064e+01
33 96 -1.190548509576879e+01
33 97 -1.040796455174985e+01
33 98 -9.477396348313935e+00
33 99 -9.033963566009199e+00
33 118 -9.143676381444203e+00
33 119 -8.723990340721372e+00
33 120 -8.012152666521128e+00
33 121 -7.187168774651913e+00
33 122 -6.399450418061675e+00
33 123 -5.738294448344969e+00
33 124 -5.240607242016631e+00
33 125 -4.913259041224920e+00
33 126 -4.751865224304790e+00
34 91 -3.169984975939655e+01
34 92 -2.889756285319902e+01
34 93 -2.457487456402459e+01
34 94 -2.017009619810176e+01
34 95 -1.649622459853757e+01
34 96 -1.376711322823627e+01
34 97 -1.190548509576879e+01
34 98 -1.076472341921441e+01
34 99 -1.022557811073331e+01
34 118 -1.035870106750278e+01
34 119 -9.850433761270907e+00
34 120 -8.994426996322519e+00
34 121 -8.012152666521128e+00
34 122 -7.084378646976580e+00
34 123 -6.313582631724304e+00
34 124 -5.738294448344969e+00
34 125 -5.362283206246159e+00
34 126 -5.177606466678360e+00
35 91 -3.825560649148426e+01
35 92 -3.453011370196548e+01
35 93 -2.889756285319902e+01
35 94 -2.330571155496069e+01
35 95 -1.876130920478090e+01
35 96 -1.545980663728137e+01
35 97 -1.324600820948734e+01
35 98 -1.190548509576879e+01
35 99 -1.127630893395508e+01
35 118 -1.143139640089252e+01
35 119 -1.084021342250885e+01
35 120 -9.850433761270907e+00
35 121 -8.723990340721372e+00
35 122 -7.669554060706955e+00
35 123 -6.800843672329322e+00
35 124 -6.156978069282756e+00
35 125 -5.738294448344969e+00
35 126 -5.533296970712973e+00
36 91 -4.264603855276886e+01
36 92 -3.825560649148426e+01
36 93 -3.169984975939655e+01
36 94 -2.529455255836150e+01
36 95 -2.017009619810180e+01
36 96 -1.649622459853761e+01
36 97 -1.405750275290067e+01
36 98 -1.259101318635040e+01
36 99 -1.190548509576879e+01
36 118 -1.207429538062692e+01
36 119 -1.143139640089252e+01
36 120 -1.035870106750278e+01
36 121 -9.143676381444203e+00
36 122 -8.012152666521137e+00
36 123 -7.084378646976589e+00
36 124 -6.399450418061683e+00
36 125 -5.955353884051565e+00
36 126 -5.738294448344969e+00
37 64 -4.145730702574052e+01
37 65 -3.920282775401083e+01
37 66 -3.545068796945855e+01
37 67 -3.121561955759799e+01
37 68 -2.728654396555397e+01
37 69 -2.407628356685762e+01
37 70 -2.171318432007157e+01
37 71 -2.018423858794452e+01
37 72 -1.943789933353044e+01
37 73 -1.998190185746294e+01
37 74 -1.924704968848053e+01
37 75 -1.797500052425061e+01
37 76 -1.645753951395059e+01
37 77 -1.496141184855645e+01
37 78 -1.366665348123571e+01
37 79 -1.266644515057467e+01
37 80 -1.199572385603360e+01
37 81 -1.166109374341654e+01
38 64 -4.392010624647843e+01
38 65 -4.145730702574052e+01
38 66 -3.737392879719123e+01
38 67 -3.278904360946093e+01
38 68 -2.855931180333902e+01
38 69 -2.512134170659503e+01
38 70 -2.260143795730772e+01
38 71 -2.097612478792652e+01
38 72 -2.018423858794452e+01
38 73 -2.076134209879304e+01
38 74 -1.998190185746294e+01
38 75 -1.863497865446987e+01
38 76 -1.703212677521613e+01
38 77 -1.545613606944338e+01
38 78 -1.409586247761874e+01
38 79 -1.304741228769936e+01
38 80 -1.234553314318543e+01
38 81 -1.199572385603360e+01
39 64 -4.921033675332260e+01
39 65 -4.627932154469072e+01
39 66 -4.145730702574052e+01
39 67 -3.610081192159737e+01
39 68 -3.121561955759799e+01
39 69 -2.728654396555397e+01
39 70 -2.443143572047450e+01
39 71 -2.260143795730772e+01
39 72 -2.171318432007157e+01
39 73 -2.236029783367564e+01
39 74 -2.148658280635447e+01
39 75 -1.998190185746294e+01
39 76 -1.820002922792729e+01
39 77 -1.645753951395059e+01
39 78 -1.496141184855645e+01
39 79 -1.381338405666224e+01
39 80 -1.304741228769936e+01
39 81 -1.266644515057467e+01
40 64 -5.807085617511535e+01
40 65 -5.429588797312884e+01
40 66 -4.816046710821968e+01
40 67 -4.145730702574052e+01
40 68 -3.545068796945855e+01
40 69 -3.069652782483741e+01
40 70 -2.728654396555397e+01
40 71 -2.512134170659503e+01
40 72 -2.407628356685762e+01
40 73 -2.483724793129220e+01
40 74 -2.381030555639301e+01
40 75 -2.205069394483461e+01
40 76 -1.998190185746294e+01
40 77 -1.797500052425061e+01
40 78 -1.626501920959283e+01
40 79 -1.496141184855645e+01
40 80 -1.409586247761874e+01
40 81 -1.366665348123571e+01
41 64 -7.155912083466502e+01
41 65 -6.636763780336284e+01
41 66 -5.807085617511535e+01
41 67 -4.921033675332260e+01
41 68 -4.145730702574052e+01
41 69 -3.545068796945855e+01
41 70 -3.121561955759799e+01
41 71 -2.855931180333902e+01
41 72 -2.728654396555397e+01
41 73 -2.821270964873914e+01
41 74 -2.696359402167024e+01
41 75 -2.483724793129220e+01
41 76 -2.236029783367564e+01
41 77 -1.998190185746294e+01
41 78 -1.797500052425061e+01
41 79 -1.645753951395059e+01
41 80 -1.545613606944338e+01
41 81 -1.496141184855645e+01
42 64 -9.063489673794643e+01
42 65 -8.319658918419742e+01
42 66 -7.155912083466502e+01
42 67 -5.947805762011470e+01
42 68 -4.921033675332260e+01
42 69 -4.145730702574052e+01
42 70 -3.610081192159737e+01
42 71 -3.278904360946093e+01
42 72 -3.121561955759799e+01
42 73 -3.235969739495860e+01
42 74 -3.081778233825020e+01
42 75 -2.821270964873914e+01
42 76 -2.521008833572025e+01
42 77 -2.236029783367564e+01
42 78 -1.998190185746294e+01
42 79 -1.820002922792729e+01
42 80 -1.703212677521613e+01
42 81 -1.645753951395059e+01
43 64 -1.148757645483901e+02
43 65 -1.042182398487428e+02
43 66 -8.793829319393770e+01
43 67 -7.155912083466502e+01
43 68 -5.807085617511535e+01
43 69 -4.816046710821968e+01
43 70 -4.145730702574052e+01
43 71 -3.737392879719123e+01
43 72 -3.545068796945855e+01
43 73 -3.684804317597543e+01
43 74 -3.496613832987296e+01
43 75 -3.181085506869410e+01
43 76 -2.821270964873914e+01
43 77 -2.483724793129220e+01
43 78 -2.205069394483461e+01
43 79 -1.998190185746294e+01
43 80 -1.863497865446987e+01
43 81 -1.797500052425061e+01
44 64 -1.401114044791954e+02
44 65 -1.257194125631283e+02
44 66 -1.042182398487428e+02
44 67 -8.319658918419742e+01
44 68 -6.636763780336284e+01
44 69 -5.429588797312884e+01
44 70 -4.627932154469072e+01
44 71 -4.145730702574052e+01
44 72 -3.920282775401083e+01
44 73 -4.083977534889369e+01
44 74 -3.863653778916407e+01
44 75 -3.496613832987296e+01
44 76 -3.081778233825020e+01
44 77 -2.696359402167024e+01
44 78 -2.381030555639301e+01
44 79 -2.148658280635447e+01
44 80 -1.998190185746294e+01
44 81 -1.924704968848053e+01
45 64 -1.572394836647209e+02
45 65 -1.401114044791954e+02
45 66 -1.148757645483901e+02
45 67 -9.063489673794643e+01
45 68 -7.155912083466502e+01
45 69 -5.807085617511535e+01
45 70 -4.921033675332260e+01
45 71 -4.392010624647843e+01
45 72 -4.145730702574052e+01
45 73 -4.324483109577296e+01
45 74 -4.083977534889369e+01
45 75 -3.684804317597543e+01
45 76 -3.235969739495860e+01
45 77 -2.821270964873914e+01
45 78 -2.483724793129220e+01
45 79 -2.236029783367564e+01
45 80 -2.076134209879304e+01
45 81 -1.998190185746294e+01
46 73 -4.145730702574052e+01
46 74 -3.920282775401083e+01
46 75 -3.545068796945855e+01
46 76 -3.121561955759799e+01
46 77 -2.728654396555397e+01
46 78 -2.407628356685762e+01
46 79 -2.171318432007157e+01
46 80 -2.018423858794452e+01
46 81 -1.943789933353044e+01
47 73 -4.392010624647843e+01
47 74 -4.145730702574052e+01
47 75 -3.737392879719123e+01
47 76 -3.278904360946093e+01
47 77 -2.855931180333902e+01
47 78 -2.512134170659503e+01
47 79 -2.260143795730772e+01
47 80 -2.097612478792652e+01
47 81 -2.018423858794452e+01
48 73 -4.921033675332260e+01
48 74 -4.627932154469072e+01
48 75 -4.145730702574052e+01
48 76 -3.610081192159737e+01
48 77 -3.121561955759799e+01
48 78 -2.728654396555397e+01
48 79 -2.443143572047450e+01
48 80 -2.260143795730772e+01
48 81 -2.171318432007157e+01
49 73 -5.807085617511535e+01
49 74 -5.429588797312884e+01
49 75 -4.816046710821968e+01
49 76 -4.145730702574052e+01
49 77 -3.545068796945855e+01
49 78 -3.069652782483741e+01
49 79 -2.728654396555397e+01
49 80 -2.512134170659503e+01
49 81 -2.407628356685762e+01
50 73 -7.155912083466502e+01
50 74 -6.636763780336284e+01
50 75 -5.807085617511535e+01
50 76 -4.921033675332260e+01
50 77 -4.145730702574052e+01
50 78 -3.545068796945855e+01
50 79 -3.121561955759799e+01
50 80 -2.855931180333902e+01
50 81 -2.728654396555397e+01
51 73 -9.063489673794643e+01
51 74 -8.319658918419742e+01
51 75 -7.155912083466502e+01
51 76 -5.947805762011470e+01
51 77 -4.921033675332260e+01
51 78 -4.145730702574052e+01
51 79 -3.610081192159737e+01
51 80 -3.278904360946093e+01
51 81 -3.121561955759799e+01
52 73 -1.148757645483901e+02
52 74 -1.042182398487428e+02
52 75 -8.793829319393770e+01
52 76 -7.155912083466502e+01
52 77 -5.807085617511535e+01
52 78 -4.816046710821968e+01
52 79 -4.145730702574052e+01
52 80 -3.737392879719123e+01
52 81 -3.545068796945855e+01
53 73 -1.401114044791954e+02
53 74 -1.257194125631283e+02
53 75 -1.042182398487428e+02
53 76 -8.319658918419742e+01
53 77 -6.636763780336284e+01
53 78 -5.429588797312884e+01
53 79 -4.627932154469072e+01
53 80 -4.145730702574052e+01
53 81 -3.920282775401083e+01
54 73 -1.572394836647209e+02
54 74 -1.401114044791954e+02
54 75 -1.148757645483901e+02
54 76 -9.063489673794643e+01
54 77 -7.155912083466502e+01
54 78 -5.807085617511535e+01
54 79 -4.921033675332260e+01
54 80 -4.392010624647843e+01
54 81 -4.145730702574052e+01
55 118 -1.190548509576879e+01
55 119 -1.127630893395508e+01
55 120 -1.022557811073331e+01
55 121 -9.033963566009199e+00
55 122 -7.922760391770029e+00
55 123 -7.010518691977476e+00
55 124 -6.336367629796410e+00
55 125 -5.898931222633535e+00
55 126 -5.685030167964980e+00
56 118 -1.259101318635040e+01
56 119 -1.190548509576879e+01
56 120 -1.076472341921441e+01
56 121 -9.477396348313935e+00
56 122 -8.283340632594085e+00
56 123 -7.307930689734154e+00
56 124 -6.590042268388133e+00
56 125 -6.125618423755517e+00
56 126 -5.898931222633535e+00
57 118 -1.405750275290067e+01
57 119 -1.324600820948734e+01
57 120 -1.190548509576879e+01
57 121 -1.040796455174985e+01
57 122 -9.033963566009211e+00
57 123 -7.922760391770040e+00
57 124 -7.111640010924386e+00
57 125 -6.590042268388133e+00
57 126 -6.336367629796410e+00
58 118 -1.649622459853761e+01
58 119 -1.545980663728137e+01
58 120 -1.376711322823627e+01
58 121 -1.190548509576879e+01
58 122 -1.022557811073333e+01
58 123 -8.887478121100147e+00
58 124 -7.922760391770040e+00
58 125 -7.307930689734154e+00
58 126 -7.010518691977476e+00
59 118 -2.017009619810180e+01
59 119 -1.876130920478090e+01
59 120 -1.649622459853757e+01
59 121 -1.405750275290064e+01
59 122 -1.190548509576879e+01
59 123 -1.022557811073333e+01
59 124 -9.033963566009211e+00
59 125 -8.283340632594085e+00
59 126 -7.922760391770029e+00
60 118 -2.529455255836150e+01
60 119 -2.330571155496069e+01
60 120 -2.017009619810176e+01
60 121 -1.688162141408197e+01
60 122 -1.405750275290064e+01
60 123 -1.190548509576879e+01
60 124 -1.040796455174985e+01
60 125 -9.477396348313935e+00
60 126 -9.033963566009199e+00
61 118 -3.169984975939655e+01
61 119 -2.889756285319902e+01
61 120 -2.457487456402459e+01
61 121 -2.017009619810176e+01
61 122 -1.649622459853757e+01
61 123 -1.376711322823627e+01
61 124 -1.190548509576879e+01
61 125 -1.076472341921441e+01
61 126 -1.022557811073331e+01
62 118 -3.825560649148426e+01
62 119 -3.453011370196548e+01
62 120 -2.889756285319902e+01
62 121 -2.330571155496069e+01
62 122 -1.876130920478090e+01
62 123 -1.545980663728137e+01
62 124 -1.324600820948734e+01
62 125 -1.190548509576879e+01
62 126 -1.127630893395508e+01
63 118 -4.264603855276886e+01
63 119 -3.825560649148426e+01
63 120 -3.169984975939655e+01
63 121 -2.529455255836150e+01
63 122 -2.017009619810180e+01
63 123 -1.649622459853761e+01
63 124 -1.405750275290067e+01
63 125 -1.259101318635040e+01
63 126 -1.190548509576879e+01
64 37 -4.145730702574052e+01
64 38 -4.392010624647843e+01
64 39 -4.921033675332260e+01
64 40 -5.807085617511535e+01
64 41 -7.155912083466502e+01
64 42 -9.063489673794643e+01
64 43 -1.148757645483901e+02
64 44 -1.401114044791954e+02
64 45 -1.572394836647209e+02
64 100 -4.145730702574052e+01
64 101 -3.920282775401083e+01
64 102 -3.545068796945855e+01
64 103 -3.121561955759799e+01
64 104 -2.728654396555397e+01
64 105 -2.407628356685762e+01
64 106 -2.171318432007157e+01
64 107 -2.018423858794452e+01
64 108 -1.943789933353044e+01
64 109 -1.998190185746294e+01
64 110 -1.924704968848053e+01
64 111 -1.797500052425061e+01
64 112 -1.645753951395059e+01
64 113 -1.496141184855645e+01
64 114 -1.366665348123571e+01
64 115 -1.266644515057467e+01
64 116 -1.199572385603360e+01
64 117 -1.166109374341654e+01
65 37 -3.920282775401083e+01
65 38 -4.145730702574052e+01
65 39 -4.627932154469072e+01
65 40 -5.429588797312884e+01
65 41 -6.636763780336284e+01
65 42 -8.319658918419742e+01
65 43 -1.042182398487428e+02
65 44 -1.257194125631283e+02
65 45 -1.401114044791954e+02
65 100 -4.392010624647843e+01
65 101 -4.145730702574052e+01
65 102 -3.737392879719123e+01
65 103 -3.278904360946093e+01
65 104 -2.855931180333902e+01
65 105 -2.512134170659503e+01
65 106 -2.260143795730772e+01
65 107 -2.097612478792652e+01
65 108 -2.018423858794452e+01
65 109 -2.076134209879304e+01
65 110 -1.998190185746294e+01
65 111 -1.863497865446987e+01
65 112 -1.703212677521613e+01
65 113 -1.545613606944338e+01
65 114 -1.409586247761874e+01
65 115 -1.304741228769936e+01
65 116 -1.234553314318543e+01
65 117 -1.199572385603360e+01
66 37 -3.545068796945855e+01
66 38 -3.737392879719123e+01
66 39 -4.145730702574052e+01
66 40 -4.816046710821968e+01
66 41 -5.807085617511535e+01
66 42 -7.155912083466502e+01
66 43 -8.793829319393770e+01
66 44 -1.042182398487428e+02
66 45 -1.148757645483901e+02
66 100 -4.921033675332260e+01
66 101 -4.627932154469072e+01
66 102 -4.145730702574052e+01
66 103 -3.610081192159737e+01
66 104 -3.121561955759799e+01
66 105 -2.728654396555397e+01
66 106 -2.443143572047450e+01
66 107 -2.260143795730772e+01
66 108 -2.171318432007157e+01
66 109 -2.236029783367564e+01
66 110 -2.148658280635447e+01
66 111 -1.998190185746294e+01
66 112 -1.820002922792729e+01
66 113 -1.645753951395059e+01
66 114 -1.496141184855645e+01
66 115 -1.381338405666224e+01
66 116 -1.304741228769936e+01
66 117 -1.266644515057467e+01
67 37 -3.121561955759799e+01
67 38 -3.278904360946093e+01
67 39 -3.610081192159737e+01
67 40 -4.145730702574052e+01
67 41 -4.921033675332260e+01
67 42 -5.947805762011470e+01
67 43 -7.155912083466502e+01
67 44 -8.319658918419742e+01
67 45 -9.063489673794643e+01
67 100 -5.807085617511535e+01
67 101 -5.429588797312884e+01
67 102 -4.816046710821968e+01
67 103 -4.145730702574052e+01
67 104 -3.545068796945855e+01
67 105 -3.069652782483741e+01
67 106 -2.728654396555397e+01
67 107 -2.512134170659503e+01
67 108 -2.407628356685762e+01
67 109 -2.483724793129220e+01
67 110 -2.381030555639301e+01
67 111 -2.205069394483461e+01
67 112 -1.998190185746294e+01
67 113 -1.797500052425061e+01
67 114 -1.626501920959283e+01
67 115 -1.496141184855645e+01
67 116 -1.409586247761874e+01
67 117 -1.366665348123571e+01
68 37 -2.728654396555397e+01
68 38 -2.855931180333902e+01
68 39 -3.121561955759799e+01
68 40 -3.545068796945855e+01
68 41 -4.145730702574052e+01
68 42 -4.921033675332260e+01
68 43 -5.807085617511535e+01
68 44 -6.636763780336284e+01
68 45 -7.155912083466502e+01
68 100 -7.155912083466502e+01
68 101 -6.636763780336284e+01
68 102 -5.807085617511535e+01
68 103 -4.921033675332260e+01
68 104 -4.145730702574052e+01
68 105 -3.545068796945855e+01
68 106 -3.121561955759799e+01
68 107 -2.855931180333902e+01
68 108 -2.728654396555397e+01
68 109 -2.821270964873914e+01
68 110 -2.696359402167024e+01
68 111 -2.483724793129220e+01
68 112 -2.236029783367564e+01
68 113 -1.998190185746294e+01
68 114 -1.797500052425061e+01
68 115 -1.645753951395059e+01
68 116 -1.545613606944338e+01
68 117 -1.496141184855645e+01
69 37 -2.407628356685762e+01
69 38 -2.512134170659503e+01
69 39 -2.728654396555397e+01
69 40 -3.069652782483741e+01
69 41 -3.545068796945855e+01
69 42 -4.145730702574052e+01
69 43 -4.816046710821968e+01
69 44 -5.429588797312884e+01
69 45 -5.807085617511535e+01
69 100 -9.063489673794643e+01
69 101 -8.319658918419742e+01
69 102 -7.155912083466502e+01
69 103 -5.947805762011470e+01
69 104 -4.921033675332260e+01
69 105 -4.145730702574052e+01
69 106 -3.610081192159737e+01
69 107 -3.278904360946093e+01
69 108 -3.121561955759799e+01
69 109 -3.235969739495860e+01
69 110 -3.081778233825020e+01
69 111 -2.821270964873914e+01
69 112 -2.521008833572025e+01
69 113 -2.236029783367564e+01
69 114 -1.998190185746294e+01
69 115 -1.820002922792729e+01
69 116 -1.703212677521613e+01
69 117 -1.645753951395059e+01
70 37 -2.171318432007157e+01
70 38 -2.260143795730772e+01
70 39 -2.443143572047450e+01
70 40 -2.728654396555397e+01
70 41 -3.121561955759799e+01
70 42 -3.610081192159737e+01
70 43 -4.145730702574052e+01
70 44 -4.627932154469072e+01
70 45 -4.921033675332260e+01
70 100 -1.148757645483901e+02
70 101 -1.042182398487428e+02
70 102 -8.793829319393770e+01
70 103 -7.155912083466502e+01
70 104 -5.807085617511535e+01
70 105 -4.816046710821968e+01
70 106 -4.145730702574052e+01
70 107 -3.737392879719123e+01
70 108 -3.545068796945855e+01
70 109 -3.684804317597543e+01
70 110 -3.496613832987296e+01
70 111 -3.181085506869410e+01
70 112 -2.821270964873914e+01
70 113 -2.483724793129220e+01
70 114 -2.205069394483461e+01
70 115 -1.998190185746294e+01
70 116 -1.863497865446987e+01
70 117 -1.797500052425061e+01
71 37 -2.018423858794452e+01
71 38 -2.097612478792652e+01
71 39 -2.260143795730772e+01
71 40 -2.512134170659503e+01
71 41 -2.855931180333902e+01
71 42 -3.278904360946093e+01
71 43 -3.737392879719123e+01
71 44 -4.145730702574052e+01
71 45 -4.392010624647843e+01
71 100 -1.401114044791954e+02
71 101 -1.257194125631283e+02
71 102 -1.042182398487428e+02
71 103 -8.319658918419742e+01
71 104 -6.636763780336284e+01
71 105 -5.429588797312884e+01
71 106 -4.627932154469072e+01
71 107 -4.145730702574052e+01
71 108 -3.920282775401083e+01
71 109 -4.083977534889369e+01
71 110 -3.863653778916407e+01
71 111 -3.496613832987296e+01
71 112 -3.081778233825020e+01
71 113 -2.696359402167024e+01
71 114 -2.381030555639301e+01
71 115 -2.148658280635447e+01
71 116 -1.998190185746294e+01
71 117 -1.924704968848053e+01
72 37 -1.943789933353044e+01
72 38 -2.018423858794452e+01
72 39 -2.171318432007157e+01
72 40 -2.407628356685762e+01
72 41 -2.728654396555397e+01
72 42 -3.121561955759799e+01
72 43 -3.545068796945855e+01
72 44 -3.920282775401083e+01
72 45 -4.145730702574052e+01
72 100 -1.572394836647209e+02
72 101 -1.401114044791954e+02
72 102 -1.148757645483901e+02
72 103 -9.063489673794643e+01
72 104 -7.155912083466502e+01
72 105 -5.807085617511535e+01
72 106 -4.921033675332260e+01
72 107 -4.392010624647843e+01
72 108 -4.145730702574052e+01
72 109 -4.324483109577296e+01
72 110 -4.083977534889369e+01
72 111 -3.684804317597543e+01
72 112 -3.235969739495860e+01
72 113 -2.821270964873914e+01
72 114 -2.483724793129220e+01
72 115 -2.236029783367564e+01
72 116 -2.076134209879304e+01
72 117 -1.998190185746294e+01
73 37 -1.998190185746294e+01
73 38 -2.076134209879304e+01
73 39 -2.236029783367564e+01
73 40 -2.483724793129220e+01
73 41 -2.821270964873914e+01
73 42 -3.235969739495860e+01
73 43 -3.684804317597543e+01
73 44 -4.083977534889369e+01
73 45 -4.324483109577296e+01
73 46 -4.145730702574052e+01
73 47 -4.392010624647843e+01
73 48 -4.921033675332260e+01
73 49 -5.807085617511535e+01
73 50 -7.155912083466502e+01
73 51 -9.063489673794643e+01
73 52 -1.148757645483901e+02
73 53 -1.401114044791954e+02
73 54 -1.572394836647209e+02
73 109 -4.145730702574052e+01
73 110 -3.920282775401083e+01
73 111 -3.545068796945855e+01
73 112 -3.121561955759799e+01
73 113 -2.728654396555397e+01
73 114 -2.407628356685762e+01
73 115 -2.171318432007157e+01
73 116 -2.018423858794452e+01
73 117 -1.943789933353044e+01
74 37 -1.924704968848053e+01
74 38 -1.998190185746294e+01
74 39 -2.148658280635447e+01
74 40 -2.381030555639301e+01
74 41 -2.696359402167024e+01
74 42 -3.081778233825020e+01
74 43 -3.496613832987296e+01
74 44 -3.863653778916407e+01
74 45 -4.083977534889369e+01
74 46 -3.920282775401083e+01
74 47 -4.145730702574052e+01
74 48 -4.627932154469072e+01
74 49 -5.429588797312884e+01
74 50 -6.636763780336284e+01
74 51 -8.319658918419742e+01
74 52 -1.042182398487428e+02
74 53 -1.257194125631283e+02
74 54 -1.401114044791954e+02
74 109 -4.392010624647843e+01
74 110 -4.145730702574052e+01
74 111 -3.737392879719123e+01
74 112 -3.278904360946093e+01
74 113 -2.855931180333902e+01
74 114 -2.512134170659503e+01
74 115 -2.260143795730772e+01
74 116 -2.097612478792652e+01
74 117 -2.018423858794452e+01
75 37 -1.797500052425061e+01
75 38 -1.863497865446987e+01
75 39 -1.998190185746294e+01
75 40 -2.205069394483461e+01
75 41 -2.483724793129220e+01
75 42 -2.821270964873914e+01
75 43 -3.181085506869410e+01
75 44 -3.496613832987296e+01
75 45 -3.684804317597543e+01
75 46 -3.545068796945855e+01
75 47 -3.737392879719123e+01
75 48 -4.145730702574052e+01
75 49 -4.816046710821968e+01
75 50 -5.807085617511535e+01
75 51 -7.155912083466502e+01
75 52 -8.793829319393770e+01
75 53 -1.042182398487428e+02
75 54 -1.148757645483901e+02
75 109 -4.921033675332260e+01
75 110 -4.627932154469072e+01
75 111 -4.145730702574052e+01
75 112 -3.610081192159737e+01
75 113 -3.121561955759799e+01
75 114 -2.728654396555397e+01
75 115 -2.443143572047450e+01
75 116 -2.260143795730772e+01
75 117 -2.171318432007157e+01
76 37 -1.645753951395059e+01
76 38 -1.703212677521613e+01
76 39 -1.820002922792729e+01
76 40 -1.998190185746294e+01
76 41 -2.236029783367564e+01
76 42 -2.521008833572025e+01
76 43 -2.821270964873914e+01
76 44 -3.081778233825020e+01
76 45 -3.235969739495860e+01
76 46 -3.121561955759799e+01
76 47 -3.278904360946093e+01
76 48 -3.610081192159737e+01
76 49 -4.145730702574052e+01
76 50 -4.921033675332260e+01
76 51 -5.947805762011470e+01
76 52 -7.155912083466502e+01
76 53 -8.319658918419742e+01
76 54 -9.063489673794643e+01
76 109 -5.807085617511535e+01
76 110 -5.429588797312884e+01
76 111 -4.816046710821968e+01
76 112 -4.145730702574052e+01
76 113 -3.545068796945855e+01
76 114 -3.069652782483741e+01
76 115 -2.728654396555397e+01
76 116 -2.512134170659503e+01
76 117 -2.407628356685762e+01
77 37 -1.496141184855645e+01
77 38 -1.545613606944338e+01
77 39 -1.645753951395059e+01
77 40 -1.797500052425061e+01
77 41 -1.998190185746294e+01
77 42 -2.236029783367564e+01
77 43 -2.483724793129220e+01
77 44 -2.696359402167024e+01
77 45 -2.821270964873914e+01
77 46 -2.728654396555397e+01
77 47 -2.855931180333902e+01
77 48 -3.121561955759799e+01
77 49 -3.545068796945855e+01
77 50 -4.145730702574052e+01
77 51 -4.921033675332260e+01
77 52 -5.807085617511535e+01
77 53 -6.636763780336284e+01
77 54 -7.155912083466502e+01
77 109 -7.155912083466502e+01
77 110 -6.636763780336284e+01
77 111 -5.807085617511535e+01
77 112 -4.921033675332260e+01
77 113 -4.145730702574052e+01
77 114 -3.545068796945855e+01
77 115 -3.121561955759799e+01
77 116 -2.855931180333902e+01
77 117 -2.728654396555397e+01
78 37 -1.366665348123571e+01
78 38 -1.409586247761874e+01
78 39 -1.496141184855645e+01
